AGM00060430, [(1991, 131.2304964539007, 215.01351351351352)]
AGM00060445, [(1991, 83.69858156028369, 189.6439628482972)]
AGM00060511, [(1991, 77.89393939393939, 208.5085910652921)]
AGM00060607, [(1991, 154.74008810572687, 306.1981566820277)]
AGM00060640, [(1991, 143.72727272727272, 304.45454545454544)]
AJ000037744, [(1991, 136.60377358490567, 215.6103896103896)]
AJ000037759, [(1991, 41.375, 99.52941176470588)]
AM000037801, [(1991, -2.6986301369863015, 114.40273972602739)]
AR000000008, [(1991, 123.38888888888889, None)]
AR000087155, [(1991, 157.52328767123288, 272.63835616438354)]
AR000087257, [(1991, 131.13150684931506, 248.68493150684932)]
AR000087344, [(1991, 114.53698630136986, 239.02191780821917)]
AR000087803, [(1991, 19.162087912087912, 141.06575342465754)]
AR000873050, [(1991, 73.42906574394463, 240.95138888888889)]
ARM00087648, [(1991, 109.10434782608695, 237.2058823529412)]
ARM00087903, [(1991, 24.882653061224488, 125.5374149659864)]
ASN00003069, [(1991, 241.42816091954023, 310.16857142857145)]
ASN00004032, [(1991, 199.02203856749313, 337.372602739726)]
ASN00004074, [(1991, 224.6426592797784, 359.0805555555556)]
ASN00006072, [(1991, 202.41632653061225, 362.1422764227642)]
ASN00008091, [(1991, 124.68732394366197, 257.6112676056338)]
ASN00009021, [(1991, 128.31506849315068, 244.21369863013697)]
ASN00009186, [(1991, 115.8375, 226.8)]
ASN00009192, [(1991, 126.20731707317073, 239.02439024390245)]
ASN00009789, [(1991, 124.22465753424657, 223.55068493150685)]
ASN00010614, [(1991, 100.83240223463687, 226.69747899159663)]
ASN00011004, [(1991, 110.27945205479452, 264.2821917808219)]
ASN00011019, [(1991, 110.78571428571429, 232.65289256198346)]
ASN00013017, [(1991, 170.9478021978022, 306.8712328767123)]
ASN00014400, [(1991, 216.79941002949852, 317.8968481375358)]
ASN00015603, [(1991, 150.67323943661972, 292.3189655172414)]
ASN00016098, [(1991, None, 294.0)]
ASN00018012, [(1991, 108.1945205479452, 238.57808219178082)]
ASN00018069, [(1991, 119.47945205479452, 217.76750700280112)]
ASN00018120, [(1991, 185.0, 308.0)]
ASN00022008, [(1991, 118.4090909090909, 223.3890410958904)]
ASN00023013, [(1991, 121.91483516483517, 227.16712328767125)]
ASN00023034, [(1991, 117.24931506849315, 215.3041095890411)]
ASN00023703, [(1991, 107.32520325203252, 204.8906882591093)]
ASN00023751, [(1991, 118.26098901098901, 201.9890410958904)]
ASN00025554, [(1991, 79.22594142259415, 219.1171548117155)]
ASN00026019, [(1991, 89.58659217877096, 192.74022346368716)]
ASN00031011, [(1991, 205.61707988980717, 290.8956043956044)]
ASN00032004, [(1991, 193.56629834254144, 292.58516483516485)]
ASN00032025, [(1991, 193.65384615384616, 276.23835616438356)]
ASN00033255, [(1991, 217.96067415730337, 268.82865168539325)]
ASN00034002, [(1991, 173.42465753424656, 303.07122507122506)]
ASN00034038, [(1991, 158.41340782122904, 297.76944444444445)]
ASN00035070, [(1991, 138.06043956043956, 291.1835616438356)]
ASN00039006, [(1991, 138.24719101123594, 298.814606741573)]
ASN00039069, [(1991, 158.6651376146789, 283.14932126696834)]
ASN00040308, [(1991, 137.66027397260274, 224.27747252747253)]
ASN00041103, [(1991, 129.18263473053892, 238.2109589041096)]
ASN00043020, [(1991, 116.42191780821918, 288.0219178082192)]
ASN00043035, [(1991, 125.42414860681114, 287.82919254658384)]
ASN00047019, [(1991, 120.4963768115942, 266.9270072992701)]
ASN00049002, [(1991, 91.26938775510204, 242.63179916317992)]
ASN00052026, [(1991, 128.34177215189874, 278.1446540880503)]
ASN00054003, [(1991, 86.29120879120879, 246.28846153846155)]
ASN00055023, [(1991, 117.74157303370787, 252.24649859943978)]
ASN00058158, [(1991, 140.73626373626374, 265.3076923076923)]
ASN00059040, [(1991, 139.42191780821918, 239.48219178082192)]
ASN00060030, [(1991, 124.81593406593407, 253.0467032967033)]
ASN00061086, [(1991, 113.13888888888889, 258.9166666666667)]
ASN00063231, [(1991, 67.72602739726027, 181.83561643835617)]
ASN00064008, [(1991, 84.66575342465754, 245.82596685082873)]
ASN00065034, [(1991, 97.01108033240997, 249.3102493074792)]
ASN00066156, [(1991, 111.45757575757575, 230.32615384615386)]
ASN00068220, [(1991, 137.6424870466321, 262.03225806451616)]
ASN00069018, [(1991, 117.92054794520548, 204.84931506849315)]
ASN00069093, [(1991, 103.37464788732395, 206.61581920903956)]
ASN00069132, [(1991, 63.74174174174174, 194.56410256410257)]
ASN00070014, [(1991, 71.62465753424658, 202.8876712328767)]
ASN00072060, [(1991, 75.27397260273973, 211.45205479452054)]
ASN00073032, [(1991, 98.87430167597765, 242.3178082191781)]
ASN00073128, [(1991, 86.9013698630137, 227.51780821917808)]
ASN00074106, [(1991, 93.7095890410959, 225.6958904109589)]
ASN00075039, [(1991, 109.98924731182795, 255.15849056603773)]
ASN00081003, [(1991, 85.27242524916943, 202.07666666666665)]
ASN00082002, [(1991, 86.98630136986301, 219.2)]
ASN00083085, [(1991, 19.82515337423313, 85.8224852071006)]
ASN00086142, [(1991, 77.04507042253522, 154.11878453038673)]
ASN00086373, [(1991, 112.06876790830945, 181.42090395480227)]
ASN00088068, [(1991, 74.79005524861878, 153.34593023255815)]
ASN00090015, [(1991, 105.16438356164383, 168.07397260273973)]
ASN00090171, [(1991, 92.53846153846153, 171.78082191780823)]
ASN00091245, [(1991, 102.38392857142857, 150.85923753665688)]
ASN00092100, [(1991, 48.53623188405797, 138.48529411764707)]
ASN00093027, [(1991, 49.20165745856354, 178.6749311294766)]
ASN00096003, [(1991, 27.153424657534245, 126.05479452054794)]
ASN00098001, [(1991, 103.0086455331412, 168.85479452054796)]
AUM00011028, [(1991, 56.34013605442177, 134.45045045045046)]
AYM00089066, [(1991, -91.8974358974359, -25.18099547511312)]
AYM00089606, [(1991, -587.0233918128655, -499.328125)]
BA000041150, [(1991, 233.33333333333334, 310.5444015444015)]
BGM00041883, [(1991, 206.0327868852459, 307.2579365079365)]
BLM00085153, [(1991, 190.5421052631579, 309.86842105263156)]
BLM00085195, [(1991, 186.72142857142856, 287.1818181818182)]
BLM00085207, [(1991, 188.19272727272727, 308.46931407942236)]
BLM00085315, [(1991, 160.90283400809716, 290.80876494023903)]
BN000065306, [(1991, 217.08677685950414, 342.3625)]
BOM00026554, [(1991, 34.858736059479554, 110.99009900990099)]
BOM00026701, [(1991, 63.95068493150685, 113.08219178082192)]
BOM00026887, [(1991, 22.53531598513011, 116.11912225705329)]
BOM00033019, [(1991, 44.553030303030305, 131.2839116719243)]
BR001846000, [(1991, 141.0, 307.0)]
BR002554002, [(1991, 153.66666666666666, 299.3205128205128)]
BR028724960, [(1991, 211.0, 301.6666666666667)]
BR037335980, [(1991, None, 333.5)]
BR038983570, [(1991, 216.7085201793722, 294.2529411764706)]
BR047403040, [(1991, 196.0, 303.0)]
BRM00082331, [(1991, 249.0, 336.0)]
BRM00083264, [(1991, 212.66666666666666, 338.0)]
BRM00083702, [(1991, 122.0, None)]
CA001016940, [(1991, 62.63085399449036, 140.4794520547945)]
CA001018620, [(1991, 54.11232876712329, 141.63835616438357)]
CA00101HFEE, [(1991, 71.86246418338109, 132.32658959537574)]
CA001025370, [(1991, 55.76438356164383, 145.22739726027396)]
CA001031316, [(1991, 60.16438356164384, 121.64383561643835)]
CA001036218, [(1991, 44.40828402366864, 150.7492795389049)]
CA001046391, [(1991, 58.394520547945206, 132.43287671232878)]
CA001047660, [(1991, 53.064516129032256, 137.17455621301775)]
CA001051350, [(1991, 66.73698630136987, 110.32602739726028)]
CA001058190, [(1991, 49.082191780821915, 109.27397260273973)]
CA001060902, [(1991, 65.27397260273973, 104.82191780821918)]
CA001067742, [(1991, 27.578082191780823, 95.95890410958904)]
CA00107335J, [(1991, 7.5096525096525095, 122.49049429657795)]
CA001080QQ0, [(1991, 18.426966292134832, 115.53125)]
CA001084731, [(1991, -37.01704545454545, 103.07246376811594)]
CA001087974, [(1991, -48.00824175824176, 89.43835616438356)]
CA001088010, [(1991, -16.332417582417584, 114.18282548476455)]
CA001095018, [(1991, -16.325301204819276, 84.27272727272727)]
CA001096458, [(1991, -11.520547945205479, 91.42465753424658)]
CA001097646, [(1991, -38.49315068493151, 96.92307692307692)]
CA001097970, [(1991, -80.78014184397163, 36.63194444444444)]
CA001100130, [(1991, 69.14835164835165, 156.9283746556474)]
CA001104R02, [(1991, 51.726027397260275, 142.5068493150685)]
CA001106763, [(1991, 63.33802816901409, 143.31932773109244)]
CA001106CL2, [(1991, 68.6842105263158, 135.4696132596685)]
CA001106PF7, [(1991, 62.030812324929975, 148.72881355932202)]
CA001108890, [(1991, 65.06302521008404, 150.50420168067228)]
CA001113072, [(1991, 20.812883435582823, 128.6867088607595)]
CA001116204, [(1991, -22.643835616438356, 90.98630136986301)]
CA001125852, [(1991, 42.309192200557106, 166.0879120879121)]
CA001127358, [(1991, -0.8310249307479224, 95.45580110497238)]
CA001130874, [(1991, -84.36708860759494, -18.79746835443038)]
CA001142400, [(1991, 36.32876712328767, 140.21917808219177)]
CA001142820, [(1991, 30.136986301369863, 130.5068493150685)]
CA001143900, [(1991, 26.0387811634349, 127.85318559556787)]
CA001145460, [(1991, 34.72451790633609, 127.65840220385675)]
CA001147620, [(1991, 18.346456692913385, 153.88446215139442)]
CA001148700, [(1991, 34.76712328767123, 139.08219178082192)]
CA001155402, [(1991, -47.08715596330275, 33.733333333333334)]
CA001163400, [(1991, -9.342465753424657, 135.11111111111111)]
CA001164LH5, [(1991, 4.171779141104294, 107.41590214067278)]
CA001166658, [(1991, -7.635327635327635, 88.92753623188406)]
CA001166JFR, [(1991, -18.8109756097561, 109.96932515337423)]
CA001166R45, [(1991, 22.328767123287673, 125.68493150684931)]
CA001171020, [(1991, 0.19230769230769232, 111.28453038674033)]
CA001173243, [(1991, 2.361111111111111, 94.5042492917847)]
CA001198194, [(1991, -62.44444444444444, 67.9696132596685)]
CA001200R0J, [(1991, -3.5778443113772456, 88.69760479041916)]
CA001201086, [(1991, 34.08898305084746, 112.29257641921397)]
CA001203672, [(1991, -37.863013698630134, 72.63736263736264)]
CA002100630, [(1991, -46.721311475409834, 120.25)]
CA002100840, [(1991, -59.46280991735537, 49.529411764705884)]
CA002100942, [(1991, -108.89830508474576, 41.68523676880223)]
CA002201400, [(1991, -198.03592814371257, -83.08762886597938)]
CA002202000, [(1991, -82.29411764705883, 25.81560283687943)]
CA002202570, [(1991, -134.64657534246575, -36.1013698630137)]
CA002204100, [(1991, -96.69315068493151, -4.64931506849315)]
CA002302335, [(1991, -185.07670454545453, -115.88450704225352)]
CA002302680, [(1991, -160.07671232876712, -93.80165289256199)]
CA002303610, [(1991, -167.58992805755395, -93.03191489361703)]
CA002400600, [(1991, -184.7087912087912, -116.52197802197803)]
CA002400804, [(1991, -205.3090909090909, -58.7007299270073)]
CA002401200, [(1991, -220.92696629213484, -158.12640449438203)]
CA003010175, [(1991, -22.205479452054796, 109.98630136986301)]
CA003011240, [(1991, -17.867036011080334, 96.73076923076923)]
CA003012992, [(1991, -20.34862385321101, 108.33836858006042)]
CA003015287, [(1991, -27.582872928176794, 80.60606060606061)]
CA00301B8LR, [(1991, -40.028169014084504, 89.26795580110497)]
CA00301KF03, [(1991, -139.36708860759492, -4.074074074074074)]
CA003022772, [(1991, -17.865168539325843, 114.41061452513966)]
CA003031676, [(1991, -9.29945054945055, 101.23287671232876)]
CA003033281, [(1991, -17.774294670846395, 116.98250728862973)]
CA003036881, [(1991, -12.966101694915254, 120.73033707865169)]
CA003050600, [(1991, -7.326869806094183, 108.94520547945206)]
CA003055289, [(1991, 50.705128205128204, 162.9746835443038)]
CA003060110, [(1991, 85.75, 196.8595041322314)]
CA003062150, [(1991, 65.87301587301587, 181.5873015873016)]
CA003062630, [(1991, 75.56213017751479, 161.46198830409358)]
CA003062693, [(1991, -47.1972602739726, 74.3972602739726)]
CA003063347, [(1991, 66.68831168831169, 157.27272727272728)]
CA003063563, [(1991, 92.97297297297297, 208.0909090909091)]
CA003064040, [(1991, 72.84313725490196, 175.76923076923077)]
CA003065765, [(1991, 16.789473684210527, 174.94736842105263)]
CA003066770, [(1991, 39.77181208053691, 187.2013422818792)]
CA00306KD60, [(1991, 30.292397660818715, 180.5)]
CA003070703, [(1991, 91.89189189189189, 200.9009009009009)]
CA003071555, [(1991, 83.828125, 196.5625)]
CA003072635, [(1991, 66.25850340136054, 153.17567567567568)]
CA00307288R, [(1991, -29.375, 82.59469696969697)]
CA003075320, [(1991, 76.47887323943662, 177.83783783783784)]
CA003075491, [(1991, 73.76811594202898, 195.70422535211267)]
CA003077246, [(1991, -41.588447653429604, 92.75618374558304)]
CA003077420, [(1991, 70.0, 195.25925925925927)]
CA003081680, [(1991, -36.14520547945205, 84.86575342465754)]
CA004010879, [(1991, -30.12054794520548, 88.06301369863014)]
CA004012400, [(1991, -20.117808219178084, 107.12054794520547)]
CA004012943, [(1991, -34.926253687315636, 81.55807365439094)]
CA004017095, [(1991, -114.72826086956522, -17.880434782608695)]
CA004018160, [(1991, -14.23611111111111, 102.7605633802817)]
CA004018640, [(1991, -26.619718309859156, 87.89473684210526)]
CA004020020, [(1991, -6.922005571030641, 112.0891364902507)]
CA004021520, [(1991, -13.19718309859155, 99.42857142857143)]
CA004022960, [(1991, -12.092696629213483, 112.20338983050847)]
CA004027775, [(1991, -12.352941176470589, 109.61218836565097)]
CA004040267, [(1991, -27.699115044247787, 91.64788732394366)]
CA004043750, [(1991, -37.58620689655172, 94.20454545454545)]
CA004046879, [(1991, -29.431818181818183, 106.45833333333333)]
CA004047050, [(1991, -18.2, 89.95750708215297)]
CA004055165, [(1991, -16.688102893890676, 110.52215189873418)]
CA004057202, [(1991, -8.761609907120743, 93.40782122905028)]
CA004061570, [(1991, -90.32640949554896, 28.952802359882007)]
CA004061861, [(1991, -76.67671232876712, 39.38356164383562)]
CA004064600, [(1991, -57.297687861271676, 76.23919308357348)]
CA004067720, [(1991, 17.366071428571427, 128.30434782608697)]
CA004071560, [(1991, -40.56060606060606, 77.1319018404908)]
CA004077557, [(1991, -62.47603833865815, 62.515625)]
CA005010640, [(1991, -22.65753424657534, 94.6978021978022)]
CA005011051, [(1991, -9.846153846153847, 116.9267515923567)]
CA005011240, [(1991, -93.57954545454545, 27.872340425531913)]
CA005012320, [(1991, -18.438356164383563, 92.7013698630137)]
CA005012545, [(1991, -14.392655367231638, 90.28846153846153)]
CA005021848, [(1991, -7.140804597701149, 94.26592797783934)]
CA005022100, [(1991, -25.87743732590529, 89.12087912087912)]
CA005022703, [(1991, 19.85576923076923, 125.57416267942584)]
CA005023222, [(1991, -18.22739726027397, 88.83835616438355)]
CA005030080, [(1991, -45.89385474860335, 69.7316384180791)]
CA005031301, [(1991, -51.62356321839081, 76.70520231213872)]
CA005040985, [(1991, -37.27963525835866, 80.1608187134503)]
CA0050420E5, [(1991, -26.645962732919255, 92.8023598820059)]
CA005050960, [(1991, -48.149171270718234, 53.870523415977964)]
CA005061001, [(1991, -94.86575342465754, 14.36986301369863)]
CA005061376, [(1991, -58.37260273972603, 43.81917808219178)]
CA005061550, [(1991, -173.13253012048193, -86.98795180722891)]
CA005061646, [(1991, -85.81095890410958, 25.221917808219178)]
CA005063041, [(1991, 10.369565217391305, 117.15189873417721)]
CA006016975, [(1991, -43.54545454545455, 71.65013774104683)]
CA006032119, [(1991, -24.473972602739725, 81.4931506849315)]
CA006055210, [(1991, -18.37837837837838, 105.58333333333333)]
CA006059D09, [(1991, -31.03835616438356, 83.5068493150685)]
CA006062860, [(1991, -27.931506849315067, 98.15068493150685)]
CA006097915, [(1991, 19.931129476584022, 107.70604395604396)]
CA006101440, [(1991, 26.041666666666668, 126.34986225895317)]
CA006102832, [(1991, 15.211267605633802, 125.07042253521126)]
CA006107002, [(1991, 1.547945205479452, 124.9041095890411)]
CA006109558, [(1991, 45.083333333333336, 125.3168044077135)]
CA006111859, [(1991, 22.410958904109588, 129.35082872928177)]
CA006112072, [(1991, 1.2396694214876034, 115.9041095890411)]
CA006113329, [(1991, 19.352617079889807, 127.68156424581005)]
CA006115099, [(1991, 25.014245014245013, 131.07242339832868)]
CA006128206, [(1991, 24.329608938547487, 127.56983240223464)]
CA006137287, [(1991, 53.33884297520661, 148.14794520547946)]
CA006142420, [(1991, 46.05769230769231, 131.72602739726028)]
CA006144475, [(1991, 38.917808219178085, 136.81917808219177)]
CA006147229, [(1991, 25.364145658263304, 116.28099173553719)]
CA006148105, [(1991, 47.927927927927925, 142.39457831325302)]
CA006152953, [(1991, 33.78453038674033, 139.94505494505495)]
CA006153298, [(1991, 61.53250773993808, 141.3181818181818)]
CA006155878, [(1991, 50.67307692307692, 129.625)]
CA006155PD4, [(1991, 50.43956043956044, 146.8904109589041)]
CA006158665, [(1991, 59.533149171270715, 130.54246575342466)]
CA006158875, [(1991, 26.49041095890411, 133.17260273972602)]
CA006159A26, [(1991, 23.35164835164835, 126.0989010989011)]
CA00615EMR7, [(1991, 40.09722222222222, 140.29577464788733)]
CA00615HMAK, [(1991, 31.487671232876714, 139.6958904109589)]
CA006161050, [(1991, 110.95394736842105, 240.45138888888889)]
CA006163171, [(1991, -12.403846153846153, 121.57821229050279)]
CA007016560, [(1991, -241.29032258064515, -90.0)]
CA007016932, [(1991, 11.332236842105264, 119.3782894736842)]
CA007017640, [(1991, -85.625, 36.12403100775194)]
CA007017757, [(1991, -200.0, -76.45161290322581)]
CA007021954, [(1991, 9.17579250720461, 114.2)]
CA007022494, [(1991, -3.632596685082873, 104.82142857142857)]
CA007022596, [(1991, -186.61290322580646, -61.45161290322581)]
CA007024627, [(1991, 39.391447368421055, 147.2)]
CA007026043, [(1991, 12.452054794520548, 113.28767123287672)]
CA007026916, [(1991, 39.11552346570397, 158.6120996441281)]
CA007027516, [(1991, -9.544692737430168, 105.42134831460675)]
CA007027840, [(1991, -3.3287292817679557, 102.29166666666667)]
CA007034395, [(1991, -78.73684210526316, 54.6972972972973)]
CA007035520, [(1991, -0.827922077922078, 108.35463258785943)]
CA007040440, [(1991, -38.78904109589041, 66.03835616438356)]
CA007046212, [(1991, -85.0266272189349, 39.10434782608696)]
CA00704BC70, [(1991, -108.46685082872928, 19.6398891966759)]
CA007052605, [(1991, -33.87123287671233, 84.36164383561643)]
CA007055380, [(1991, -26.50137741046832, 61.79945054945055)]
CA007057600, [(1991, -8.502747252747254, 82.27397260273973)]
CA007058560, [(1991, -11.684931506849315, 78.06318681318682)]
CA00705KL75, [(1991, -244.0, -94.16666666666667)]
CA007063690, [(1991, -24.40220385674931, 78.67945205479452)]
CA007065640, [(1991, -48.74246575342466, 77.95890410958904)]
CA00706CP09, [(1991, -47.72727272727273, 83.02521008403362)]
CA007072816, [(1991, -30.886627906976745, 102.88571428571429)]
CA007090120, [(1991, -36.73076923076923, 76.86301369863014)]
CA007091404, [(1991, -63.728767123287675, 57.964383561643835)]
CA007094275, [(1991, -35.23287671232877, 74.12328767123287)]
CA007117827, [(1991, -106.18835616438356, 25.97222222222222)]
CA008101500, [(1991, -4.438356164383562, 116.26301369863013)]
CA008102325, [(1991, -4.442815249266862, 103.00578034682081)]
CA008105568, [(1991, 13.567415730337078, 117.30446927374301)]
CA008105595, [(1991, -141.35802469135803, -21.375)]
CA008200437, [(1991, 26.134328358208954, 122.6268656716418)]
CA008202000, [(1991, 16.87945205479452, 128.3068493150685)]
CA008203230, [(1991, 17.632311977715876, 116.78272980501393)]
CA008205120, [(1991, 21.753424657534246, 124.32328767123288)]
CA008206200, [(1991, 9.178082191780822, 122.28767123287672)]
CA008206404, [(1991, 26.80939226519337, 127.3013698630137)]
CA008300700, [(1991, -33.66298342541437, 60.69060773480663)]
CA008400135, [(1991, 1.375, 72.84916201117318)]
CA008400549, [(1991, -13.58904109589041, 82.0)]
CA008400600, [(1991, -2.9315068493150687, 69.75342465753425)]
CA008401128, [(1991, -26.260233918128655, 76.58892128279884)]
CA008401200, [(1991, 0.8082191780821918, 83.86301369863014)]
CA008401257, [(1991, 0.2191780821917808, 77.68493150684931)]
CA008402073, [(1991, -35.78082191780822, 52.342465753424655)]
CA008402568, [(1991, 7.315642458100559, 87.81767955801105)]
CA008402973, [(1991, -8.08659217877095, 71.82960893854748)]
CA008402RB0, [(1991, 43.38709677419355, 110.86206896551724)]
CA008402RK0, [(1991, -79.79166666666667, 11.041666666666666)]
CA008403045, [(1991, 2.684931506849315, 85.8082191780822)]
CA008403093, [(1991, -20.575342465753426, 73.24657534246575)]
CA008403417, [(1991, 15.596590909090908, 74.9025069637883)]
CA008403450, [(1991, -8.32876712328767, 79.31506849315069)]
CA008403669, [(1991, 6.767123287671233, 81.00550964187327)]
CA008403858, [(1991, 9.452054794520548, 84.9041095890411)]
CA008403870, [(1991, 5.027548209366391, 86.55124653739612)]
CA008404320, [(1991, -5.2465753424657535, 70.05479452054794)]
CA008501100, [(1991, -63.14794520547945, 24.167123287671235)]
CA008504175, [(1991, -94.66758241758242, 16.25)]
CF000004454, [(1991, 203.68085106382978, 311.44736842105266)]
CGM00064210, [(1991, 211.3186813186813, 304.1832061068702)]
CHM00050658, [(1991, -28.586301369863012, 79.21369863013699)]
CHM00050745, [(1991, -6.684931506849315, 98.16986301369863)]
CHM00050949, [(1991, 8.627397260273973, 111.40547945205479)]
CHM00051156, [(1991, -8.756164383561643, 109.24931506849315)]
CHM00051243, [(1991, 48.917808219178085, 147.9041095890411)]
CHM00051765, [(1991, 38.87123287671233, 199.6027397260274)]
CHM00052323, [(1991, -31.2078431372549, 128.58959537572255)]
CHM00052533, [(1991, 12.904109589041095, 152.413698630137)]
CHM00052818, [(1991, -10.808219178082192, 128.32876712328766)]
CHM00052866, [(1991, 13.753424657534246, 146.2876712328767)]
CHM00053391, [(1991, -26.016438356164382, 92.58082191780822)]
CHM00053487, [(1991, 6.745205479452054, 139.2219178082192)]
CHM00054342, [(1991, 28.97808219178082, 135.52328767123288)]
CHM00054423, [(1991, 35.032876712328765, 154.47671232876712)]
CHM00054471, [(1991, 55.016438356164386, 142.0986301369863)]
CHM00054843, [(1991, 68.06849315068493, 186.85205479452054)]
CHM00056079, [(1991, -60.583333333333336, 93.59868421052632)]
CHM00056172, [(1991, 26.994520547945207, 183.64383561643837)]
CHM00056571, [(1991, 129.55342465753424, 231.06849315068493)]
CHM00056964, [(1991, 146.85479452054796, 249.04931506849314)]
CHM00056985, [(1991, 150.8986301369863, 248.34520547945206)]
CHM00057036, [(1991, 92.02465753424657, 194.9972602739726)]
CHM00057516, [(1991, 158.7123287671233, 217.5808219178082)]
CHM00057687, [(1991, 138.83287671232875, 210.24383561643836)]
CHM00057957, [(1991, 158.5917808219178, 230.6904109589041)]
CHM00058251, [(1991, 108.41917808219178, 188.65753424657535)]
CHM00058659, [(1991, 151.25205479452055, 228.83835616438355)]
CHM00059082, [(1991, 172.0191780821918, 250.5068493150685)]
CHM00059265, [(1991, 178.67123287671234, 272.013698630137)]
CI000085406, [(1991, 162.63498098859316, 221.38955823293173)]
CI000085469, [(1991, 177.5164835164835, 238.1159420289855)]
CI000085874, [(1991, 13.899280575539569, 111.69189189189188)]
CI000085934, [(1991, 22.934065934065934, 105.66666666666667)]
CM000064870, [(1991, 173.83333333333334, 271.0)]
CO000080241, [(1991, 220.15616438356165, 310.13698630136986)]
COM00080094, [(1991, 186.20212765957447, 261.7857142857143)]
COM00080112, [(1991, 122.14516129032258, 228.28301886792454)]
COM00080214, [(1991, 193.55555555555554, 291.9078947368421)]
COM00080370, [(1991, 60.2463768115942, None)]
CUM00078355, [(1991, 201.64444444444445, 302.80571428571426)]
CYE00115565, [(1991, 130.8849315068493, 259.3013698630137)]
EG000062306, [(1991, 148.79061371841155, 240.33223684210526)]
EG000062414, [(1991, 194.29856115107913, 319.3560606060606)]
EGM00062435, [(1991, 169.32246376811594, 326.24271844660194)]
EIE00107762, [(1991, 72.51977401129943, 135.4900284900285)]
EN000026128, [(1991, -33.166666666666664, -6.333333333333333)]
EN000026215, [(1991, 40.37603305785124, 113.76923076923077)]
EN000026242, [(1991, 24.898630136986302, 101.78082191780823)]
EUM00061972, [(1991, 218.396, 281.36)]
EZE00100082, [(1991, 66.1945205479452, 139.33698630136988)]
EZM00011406, [(1991, 34.83103448275862, 128.63076923076923)]
EZM00011520, [(1991, 45.06825938566553, 134.77955271565494)]
EZM00011787, [(1991, 5.953389830508475, 73.20295202952029)]
FGM00081415, [(1991, 220.8655462184874, 317.80232558139534)]
FIE00141985, [(1991, 23.257534246575343, 93.92876712328767)]
FIE00142861, [(1991, 8.605479452054794, 87.43013698630136)]
FIE00142921, [(1991, -6.50958904109589, 79.7068493150685)]
FIE00143041, [(1991, 10.276712328767124, 84.5068493150685)]
FIE00143056, [(1991, 9.408219178082192, 89.32876712328768)]
FIE00143812, [(1991, -8.884931506849314, 73.87397260273973)]
FIE00143962, [(1991, 2.9616438356164383, 77.44931506849315)]
FIE00144202, [(1991, -11.572602739726028, 71.35068493150685)]
FIE00144637, [(1991, -12.89041095890411, 72.66301369863014)]
FIE00144982, [(1991, -13.923287671232877, 64.28219178082192)]
FIE00145792, [(1991, -20.991780821917807, 45.47123287671233)]
FIE00145852, [(1991, -20.553424657534247, 56.342465753424655)]
FIE00146263, [(1991, -52.41917808219178, 35.657534246575345)]
FIE00146338, [(1991, -46.032876712328765, 36.83287671232877)]
FIE00146698, [(1991, -53.654794520547945, 38.56712328767123)]
FIM00002801, [(1991, -167.0, -106.0)]
FMC00914843, [(1991, 232.56069364161849, 304.6242774566474)]
FP000091948, [(1991, 206.12734082397003, 253.73303167420815)]
FP000091954, [(1991, 203.07083333333333, 257.06437768240346)]
FR000007190, [(1991, 58.26027397260274, 147.4904109589041)]
FR013055001, [(1991, 107.75342465753425, 197.05753424657533)]
FRM00007005, [(1991, 65.27853881278538, 146.32781456953643)]
FRM00007149, [(1991, 72.43523316062176, 162.99674267100977)]
FRM00007299, [(1991, 53.795121951219514, 162.39864864864865)]
GB000004501, [(1991, 236.41666666666666, 279.25)]
GB000064552, [(1991, 198.27777777777777, 276.44444444444446)]
GG000037178, [(1991, 144.9795918367347, 184.10227272727272)]
GG000037286, [(1991, -28.5, 81.0)]
GG000037481, [(1991, 123.09649122807018, 192.40217391304347)]
GG000037514, [(1991, 54.23943661971831, 170.2173913043478)]
GG000037535, [(1991, 73.1076923076923, 183.12121212121212)]
GG000037541, [(1991, 91.38181818181818, 210.78125)]
GG000037556, [(1991, 105.03571428571429, 186.20645161290324)]
GHM00065459, [(1991, 228.5, None)]
GHM00065465, [(1991, 237.33333333333334, 294.5)]
GLE00147231, [(1991, -59.78735632183908, -6.727848101265823)]
GM000004155, [(1991, -69.83561643835617, -12.586301369863014)]
GME00102252, [(1991, 45.97260273972603, 138.64109589041095)]
GME00102348, [(1991, 4.873972602739726, 61.6958904109589)]
GME00102396, [(1991, 36.205479452054796, 124.89041095890411)]
GME00111474, [(1991, 53.02739726027397, 140.27945205479452)]
GMM00010161, [(1991, 19.9, 66.875)]
GMM00010359, [(1991, -15.196078431372548, 69.075)]
GMM00010365, [(1991, 39.0, 84.0)]
GMM00010410, [(1991, 66.41525423728814, 140.44871794871796)]
GMM00010452, [(1991, 26.527272727272727, 102.01457725947522)]
GMM00010488, [(1991, -3.2058823529411766, 57.91891891891892)]
GMM00010569, [(1991, -26.527272727272727, 44.833333333333336)]
GMM00010635, [(1991, 36.907407407407405, 95.49700598802396)]
GMM00010803, [(1991, 80.44881889763779, 160.52786885245902)]
GMM00010818, [(1991, 35.767605633802816, 61.207729468599034)]
GR000016648, [(1991, 85.11506849315069, 201.4794520547945)]
GRE00105232, [(1991, 104.53150684931506, 198.75068493150684)]
GVM00061834, [(1991, None, 313.5)]
GVM00061849, [(1991, 197.84126984126985, 297.4848484848485)]
HRE00105210, [(1991, 97.55616438356165, 177.9945205479452)]
IC000004048, [(1991, 36.038356164383565, 73.65753424657534)]
ID000097146, [(1991, 228.0, 313.0)]
IDM00096249, [(1991, 223.94117647058823, 311.10526315789474)]
IDM00096633, [(1991, None, 309.0)]
IDM00096987, [(1991, None, 320.5)]
IDM00097086, [(1991, 235.265625, 297.7916666666667)]
IDM00097260, [(1991, 232.0, 315.75)]
IN001050200, [(1991, 239.0212765957447, 324.29824561403507)]
IN005100100, [(1991, 193.51440329218107, 308.7843137254902)]
IN005171200, [(1991, 227.53872053872053, 333.9222972972973)]
IN011020300, [(1991, 189.38645418326692, 313.38928571428573)]
IN013010200, [(1991, 159.98019801980197, 270.2457142857143)]
IN020130700, [(1991, 243.2608695652174, 345.4563758389262)]
IN024141500, [(1991, 218.0427046263345, 315.7181008902077)]
IR000407660, [(1991, 71.74794520547945, 230.2876712328767)]
IRM00040736, [(1991, 135.56410256410257, 211.80405405405406)]
IRM00040757, [(1991, 137.78378378378378, 240.66206896551725)]
ISM00040180, [(1991, 155.95238095238096, 262.8)]
IT000016239, [(1991, 96.78904109589041, 199.12876712328767)]
IT000162240, [(1991, 132.26575342465753, 184.413698630137)]
ITM00016033, [(1991, 7.954166666666667, 110.21678321678321)]
ITM00016480, [(1991, 160.50691244239633, 214.28169014084506)]
IVM00065594, [(1991, 232.9368932038835, 294.7692307692308)]
JA000047407, [(1991, 21.04736842105263, 129.30116959064327)]
JA000047413, [(1991, 62.145695364238414, 164.28467153284672)]
JA000047428, [(1991, 67.01595744680851, 141.9179810725552)]
JA000047440, [(1991, 129.33333333333334, 216.5)]
JA000047584, [(1991, 54.578680203045685, 152.83526011560693)]
JA000047590, [(1991, 87.8468899521531, 164.32947976878611)]
JA000047602, [(1991, 98.61111111111111, 172.66031746031746)]
JA000047617, [(1991, 95.1891891891892, 202.37282229965157)]
JA000047638, [(1991, 105.4950495049505, 203.60227272727272)]
JA000047746, [(1991, 109.62765957446808, 198.38983050847457)]
JA000047767, [(1991, 237.33333333333334, 311.75)]
JA000047827, [(1991, 148.16836734693877, 226.5977653631285)]
JA000047929, [(1991, 215.6414342629482, 257.4526748971193)]
JAM00047927, [(1991, 217.42857142857142, 263.7836257309942)]
KNM00047014, [(1991, -26.2, 123.60645161290323)]
KNM00047035, [(1991, 50.484848484848484, 156.22058823529412)]
KSM00047105, [(1991, 83.69756097560976, 175.45224719101122)]
KSM00047168, [(1991, 106.90178571428571, 181.44662921348313)]
KZ000028879, [(1991, -14.651982378854626, 112.8989898989899)]
KZ000028966, [(1991, -99.5, 107.46511627906976)]
KZ000035173, [(1991, -46.333333333333336, 109.34237288135593)]
KZ000035188, [(1991, -12.131506849315068, 96.41917808219178)]
KZ000035416, [(1991, 25.523287671232875, 135.1205479452055)]
KZ000035605, [(1991, 66.84415584415585, 155.54112554112555)]
KZ000036397, [(1991, -15.986486486486486, 101.03361344537815)]
KZ000038062, [(1991, 59.958333333333336, 175.65123456790124)]
KZ000038203, [(1991, 35.8310502283105, 171.625)]
LEM00040100, [(1991, 202.34375, 268.1794871794872)]
LG000026348, [(1991, 29.860377358490567, 111.92439862542955)]
LOE00116344, [(1991, 41.863013698630134, 134.21369863013697)]
LU000006590, [(1991, 50.895890410958906, 130.08767123287672)]
LY000062131, [(1991, 131.01993355481727, 287.00375939849624)]
LYE00147745, [(1991, 163.54929577464787, 247.3277027027027)]
LYE00147751, [(1991, 169.71028037383178, 235.78813559322035)]
MAM00067012, [(1991, 214.85714285714286, 325.1694915254237)]
MAM00067027, [(1991, 209.94059405940595, 321.8817733990148)]
MCM00045011, [(1991, 209.30769230769232, 261.5892857142857)]
MD000033748, [(1991, 52.26829268292683, 130.53703703703704)]
MD000033883, [(1991, 65.55510204081632, 151.13888888888889)]
MG000044212, [(1991, -81.79452054794521, 39.608219178082194)]
MG000044341, [(1991, -39.6986301369863, 91.76986301369863)]
MGM00044225, [(1991, -140.13145539906102, 21.871080139372822)]
MGM00044294, [(1991, -101.46560846560847, 51.96938775510204)]
MGM00044354, [(1991, -39.53023255813954, 111.81848184818482)]
MKM00013591, [(1991, 74.95067264573991, 184.04059040590406)]
MLM00061230, [(1991, 230.0, 366.6909090909091)]
MLM00061272, [(1991, 230.36231884057972, 360.5042372881356)]
MLM00061293, [(1991, 223.35470085470087, 346.5777777777778)]
MO000060156, [(1991, 107.28787878787878, 234.8359375)]
MOM00060135, [(1991, 120.48770491803279, 219.22996515679444)]
MOM00060318, [(1991, 143.9902280130293, 216.91118421052633)]
MP000061988, [(1991, 218.87123287671233, 275.4438356164384)]
MR000001461, [(1991, 215.0088888888889, 351.44444444444446)]
MR000061401, [(1991, 164.8820512820513, 320.064039408867)]
MX000002041, [(1991, 110.46575342465754, 273.4065934065934)]
MX000003061, [(1991, 183.6027397260274, 282.958904109589)]
MX000005047, [(1991, 157.39712918660288, 305.1587301587302)]
MX000008038, [(1991, 30.985915492957748, 207.94520547945206)]
MX000008044, [(1991, 109.44598337950139, 276.2054794520548)]
MX000008071, [(1991, 6.856338028169014, 192.21917808219177)]
MX000008092, [(1991, 114.51863354037268, 302.46246246246244)]
MX000010012, [(1991, 137.35313531353134, 321.38613861386136)]
MX000010027, [(1991, 84.2156862745098, 244.21917808219177)]
MX000010060, [(1991, 108.68975903614458, 276.1572700296736)]
MX000011053, [(1991, 93.69009584664536, 241.92957746478874)]
MX000011095, [(1991, 123.76119402985074, 275.1641791044776)]
MX000012046, [(1991, 178.54794520547946, 343.36986301369865)]
MX000012052, [(1991, 215.6986301369863, 332.5068493150685)]
MX000013018, [(1991, 95.89041095890411, 251.23626373626374)]
MX000014017, [(1991, 86.17283950617283, 254.22222222222223)]
MX000016144, [(1991, 115.15068493150685, 289.56164383561645)]
MX000021043, [(1991, 123.97260273972603, 212.76712328767124)]
MX000021064, [(1991, 144.2876712328767, 248.53424657534248)]
MX000021091, [(1991, 105.48571428571428, 222.72471910112358)]
MX000021118, [(1991, 134.55342465753424, 228.013698630137)]
MX000025081, [(1991, 167.8082191780822, 331.013698630137)]
MX000026032, [(1991, 103.41317365269461, 325.0)]
MX000026053, [(1991, 150.3835616438356, 295.1917808219178)]
MX000027004, [(1991, 221.67123287671234, 327.4246575342466)]
MX000028039, [(1991, 151.46959459459458, 288.9695945945946)]
MX000032005, [(1991, 62.8125, 238.84297520661158)]
MX000032032, [(1991, 119.13698630136986, 298.32876712328766)]
MX000076654, [(1991, 251.25806451612902, 308.6422287390029)]
MXM00076423, [(1991, 77.32142857142857, 258.025)]
MXM00076471, [(1991, 79.86315789473684, 226.35714285714286)]
MXM00076519, [(1991, 85.6875, 284.4803149606299)]
MXM00076525, [(1991, 93.59803921568627, 182.841059602649)]
MXM00076675, [(1991, 37.843971631205676, 206.47410358565736)]
MXM00076741, [(1991, 217.53333333333333, 303.94594594594594)]
MXM00076762, [(1991, 148.84345047923324, 304.6666666666667)]
MXM00076843, [(1991, 172.06422018348624, 323.7692307692308)]
MXM00076903, [(1991, 207.26993865030676, 341.6959706959707)]
MY000096465, [(1991, 249.08219178082192, 314.8986301369863)]
MYM00096471, [(1991, 236.93048128342247, 315.52314814814815)]
MZ000067283, [(1991, 185.46762589928056, 295.6666666666667)]
MZM00067241, [(1991, 211.13793103448276, 293.6923076923077)]
NGM00061045, [(1991, 209.11818181818182, 340.1709401709402)]
NHM00091557, [(1991, 192.12435233160622, 287.35395189003435)]
NLE00102427, [(1991, 55.43561643835616, 134.1260273972603)]
NLM00006380, [(1991, 55.4027397260274, 135.8986301369863)]
NO000014030, [(1991, 66.83076923076923, 102.90940766550523)]
NO000068330, [(1991, -118.0, 106.0)]
NOE00105476, [(1991, -64.1945205479452, -17.4986301369863)]
NOE00105482, [(1991, -2.2794520547945205, 96.12876712328767)]
NOE00109613, [(1991, -27.775342465753425, 56.87397260273973)]
NOE00109640, [(1991, 62.41095890410959, 100.5095890410959)]
NOE00110294, [(1991, 31.026315789473685, 123.70394736842105)]
NTM00078988, [(1991, 252.35494880546077, 312.2613636363636)]
NUM00078741, [(1991, 226.66666666666666, 326.0)]
NZ000093844, [(1991, 51.40821917808219, 138.53150684931506)]
NZ000093994, [(1991, 160.0246575342466, 217.1068493150685)]
PAM00086011, [(1991, 198.72916666666666, 347.04)]
PE000084444, [(1991, 80.8, 203.68421052631578)]
PEM00084390, [(1991, 195.84018264840182, 281.13392857142856)]
PEM00084531, [(1991, 170.70909090909092, 243.6578947368421)]
PEM00084735, [(1991, 14.779661016949152, 184.40540540540542)]
PKM00041764, [(1991, 204.46794871794873, 330.14054054054054)]
PLM00012330, [(1991, 46.1219512195122, 133.42629482071712)]
RIE00100814, [(1991, 59.221917808219175, 164.66301369863012)]
RMW00040604, [(1991, 255.64109589041095, 303.2)]
ROE00100902, [(1991, 38.62739726027397, 139.7945205479452)]
ROE00108891, [(1991, -23.564383561643837, None)]
ROE00108903, [(1991, 66.71780821917808, None)]
RP000098429, [(1991, 231.84279475982532, 317.60625)]
RPM00098325, [(1991, 230.68778280542986, 324.73640167364016)]
RQC00660410, [(1991, 193.32203389830508, 307.5292479108635)]
RQC00662336, [(1991, 152.50872093023256, 185.2093023255814)]
RQC00662801, [(1991, 191.6565934065934, 316.54945054945057)]
RQC00664193, [(1991, 236.0909090909091, 318.6233766233766)]
RQC00665693, [(1991, 223.25, 317.12635379061373)]
RQC00665807, [(1991, 209.31195335276968, 298.26666666666665)]
RQC00667292, [(1991, 214.9945205479452, 313.1178082191781)]
RQC00669608, [(1991, 173.2027397260274, 303.41917808219176)]
RSE00150200, [(1991, -59.6958904109589, 45.5972602739726)]
RSE00151025, [(1991, -62.93972602739726, 52.16986301369863)]
RSM00020046, [(1991, -155.55616438356165, -99.2904109589041)]
RSM00020946, [(1991, -83.55890410958904, -26.09315068493151)]
RSM00020967, [(1991, -124.6236559139785, -23.26808510638298)]
RSM00021504, [(1991, -158.2471264367816, -90.60810810810811)]
RSM00022212, [(1991, -38.78787878787879, 50.318627450980394)]
RSM00022269, [(1991, -41.45544554455446, 43.232365145228215)]
RSM00022383, [(1991, -55.923611111111114, 49.35263157894737)]
RSM00022422, [(1991, -15.783561643835617, 46.23287671232877)]
RSM00022518, [(1991, -138.57142857142858, -94.11111111111111)]
RSM00022551, [(1991, -23.503401360544217, 56.56435643564357)]
RSM00022695, [(1991, -26.628865979381445, 67.23484848484848)]
RSM00022707, [(1991, -191.5, None)]
RSM00022917, [(1991, None, -57.5)]
RSM00023022, [(1991, -94.6, -26.476712328767125)]
RSM00023058, [(1991, -134.7835616438356, -49.83561643835616)]
RSM00023205, [(1991, -59.9013698630137, 16.334246575342465)]
RSM00023226, [(1991, -79.80975609756098, 31.440613026819925)]
RSM00023274, [(1991, -114.1945205479452, -26.15068493150685)]
RSM00023463, [(1991, -114.47671232876712, -16.797260273972604)]
RSM00023625, [(1991, -75.42105263157895, 32.2972972972973)]
RSM00023631, [(1991, -66.6027397260274, 26.81917808219178)]
RSM00024585, [(1991, -165.18487394957984, -9.027932960893855)]
RSM00024639, [(1991, -152.60103626943004, -12.113879003558718)]
RSM00024726, [(1991, -111.03835616438356, -19.594520547945205)]
RSM00024768, [(1991, -175.99019607843138, -36.513422818791945)]
RSM00025062, [(1991, -136.5972602739726, -71.62465753424658)]
RSM00025428, [(1991, -167.15616438356165, -55.58904109589041)]
RSM00025563, [(1991, -92.44657534246575, -24.389041095890413)]
RSM00025767, [(1991, -59.868493150684934, -2.4684931506849317)]
RSM00025956, [(1991, -39.32876712328767, 15.542465753424658)]
RSM00026157, [(1991, 29.26027397260274, 95.76438356164384)]
RSM00026976, [(1991, 31.03835616438356, 114.57534246575342)]
RSM00026997, [(1991, 28.586301369863012, 106.04931506849314)]
RSM00027108, [(1991, -255.0, -91.0)]
RSM00027393, [(1991, 27.156398104265403, 106.3794466403162)]
RSM00027507, [(1991, -171.5, None)]
RSM00027786, [(1991, 21.61764705882353, 116.96485623003196)]
RSM00027906, [(1991, 28.77992277992278, 117.99348534201954)]
RSM00028128, [(1991, -102.0, 57.45)]
RSM00028359, [(1991, -49.25, 137.9322033898305)]
RSM00028419, [(1991, -11.273972602739725, 85.62191780821918)]
RSM00028506, [(1991, 8.8, 92.30684931506849)]
RSM00028533, [(1991, 31.5, 133.7741935483871)]
RSM00028629, [(1991, 17.90909090909091, 130.34)]
RSM00028698, [(1991, -22.936986301369863, 81.8958904109589)]
RSM00028722, [(1991, -5.720547945205479, 96.6054794520548)]
RSM00029379, [(1991, -69.53150684931506, 51.74520547945205)]
RSM00029418, [(1991, -43.50684931506849, 69.0958904109589)]
RSM00029430, [(1991, -33.394520547945206, 66.13150684931507)]
RSM00029553, [(1991, -17.038961038961038, 87.41228070175438)]
RSM00029634, [(1991, -15.683035714285714, 90.6159169550173)]
RSM00029676, [(1991, -43.9937106918239, 94.06225680933852)]
RSM00029736, [(1991, -46.927083333333336, 87.51851851851852)]
RSM00029838, [(1991, -24.794520547945204, 88.3972602739726)]
RSM00029892, [(1991, -110.09677419354838, 58.42546583850932)]
RSM00029946, [(1991, -95.44680851063829, 55.47899159663866)]
RSM00030102, [(1991, None, -204.23684210526315)]
RSM00030117, [(1991, -50.66222222222222, 40.24914675767918)]
RSM00030219, [(1991, -104.95342465753424, 35.75342465753425)]
RSM00030252, [(1991, -99.03287671232877, 21.375342465753423)]
RSM00030537, [(1991, -63.85576923076923, 33.77852348993289)]
RSM00030603, [(1991, -72.08823529411765, 58.66771159874608)]
RSM00030618, [(1991, None, 74.0)]
RSM00030726, [(1991, -39.036458333333336, 56.561797752808985)]
RSM00030768, [(1991, -133.5095541401274, 39.14732142857143)]
RSM00030915, [(1991, -101.62739726027397, 63.04657534246575)]
RSM00030957, [(1991, -94.98543689320388, 64.76)]
RSM00030978, [(1991, -63.654545454545456, 60.708708708708706)]
RSM00031062, [(1991, -151.63287671232877, -31.10958904109589)]
RSM00031137, [(1991, -189.37534246575342, -24.46301369863014)]
RSM00031311, [(1991, -99.77777777777777, 36.80829015544042)]
RSM00031482, [(1991, -101.55737704918033, 53.69476744186046)]
RSM00031521, [(1991, -101.87654320987654, 43.42857142857143)]
RSM00031710, [(1991, -24.589189189189188, 81.69375)]
RSM00031725, [(1991, -38.85205479452055, 71.36164383561643)]
RSM00031788, [(1991, -31.49041095890411, 84.38356164383562)]
RSM00032061, [(1991, -23.805479452054794, 49.013698630136986)]
RSM00032076, [(1991, -56.583561643835615, 35.66849315068493)]
RSM00032121, [(1991, 1.3041095890410959, 67.95616438356164)]
RSM00032217, [(1991, 5.38562091503268, 50.4559748427673)]
RSM00032562, [(1991, -27.268493150684932, 46.59178082191781)]
RSM00032583, [(1991, -3.9205479452054797, 44.320547945205476)]
RSM00034047, [(1991, 34.809734513274336, 127.74452554744525)]
RSM00034635, [(1991, 57.035714285714285, 163.7436974789916)]
RSM00034662, [(1991, 63.945, 169.91836734693877)]
RSM00034737, [(1991, 58.6421568627451, 175.97665369649806)]
RSM00034743, [(1991, 56.98930481283423, 166.23333333333332)]
RSM00034785, [(1991, 57.06707317073171, 166.2167487684729)]
RSM00034824, [(1991, 78.64931506849315, 154.0246575342466)]
RSM00034845, [(1991, 70.07027027027027, 170.4025974025974)]
RSM00034866, [(1991, 62.76164383561644, 159.81095890410958)]
RSM00035127, [(1991, 8.564383561643835, 120.23287671232876)]
RSM00036045, [(1991, -40.153424657534245, 103.6109589041096)]
RSM00037017, [(1991, 41.61206896551724, 151.74666666666667)]
RSM00037050, [(1991, 40.79178082191781, 143.7835616438356)]
RSM00037212, [(1991, 55.51190476190476, 150.41158536585365)]
RSM00037248, [(1991, 102.9090909090909, 222.1818181818182)]
RSM00037470, [(1991, 100.1917808219178, 162.04657534246576)]
SAM00041055, [(1991, 156.935960591133, 297.08620689655174)]
SAM00041061, [(1991, 184.46766169154228, None)]
SAM00041136, [(1991, 197.8348909657321, 362.7835365853659)]
SF000508870, [(1991, -17.0, 177.0)]
SF004322370, [(1991, 27.0, 251.66666666666666)]
SFM00068174, [(1991, 113.51543209876543, 262.2065868263473)]
SFM00068588, [(1991, 168.75165562913907, 265.90529247910865)]
SFM00068816, [(1991, 116.76699029126213, 229.10951008645534)]
SGM00061630, [(1991, 237.08365019011407, 383.50320512820514)]
SGM00061666, [(1991, 204.35666666666665, 362.7)]
SIE00114856, [(1991, 41.57534246575342, 152.83013698630137)]
SIE00115186, [(1991, 37.78356164383562, 100.32328767123288)]
SPE00101035, [(1991, 128.81095890410958, 229.0)]
SU000062760, [(1991, 110.52380952380952, 317.9756097560976)]
SU000062781, [(1991, 174.01666666666668, 346.6363636363636)]
SW000002410, [(1991, -13.895890410958904, 85.66027397260274)]
SW000002512, [(1991, 45.06027397260274, 113.46575342465754)]
SWE00116001, [(1991, -9.005479452054795, None)]
SWE00137808, [(1991, 45.64383561643836, 117.52876712328766)]
SWE00137862, [(1991, 29.802739726027397, 108.45205479452055)]
SWE00137916, [(1991, 58.706849315068496, 111.07397260273973)]
SWE00138078, [(1991, 28.858407079646017, 91.7433628318584)]
SWE00138144, [(1991, 10.758904109589041, 97.28493150684932)]
SWE00138306, [(1991, 30.32054794520548, 101.84383561643835)]
SWE00138618, [(1991, 55.28219178082192, 90.88767123287671)]
SWE00138726, [(1991, 30.73972602739726, 108.52054794520548)]
SWE00139158, [(1991, 18.76986301369863, 86.92328767123287)]
SWE00139272, [(1991, 20.383561643835616, 100.83287671232877)]
SWE00139482, [(1991, 4.494413407821229, 81.8854748603352)]
SWE00139584, [(1991, -16.345205479452055, 85.92054794520548)]
SWE00139590, [(1991, -26.942465753424656, 74.12876712328767)]
SWE00139752, [(1991, -25.767123287671232, 63.76986301369863)]
SWE00139962, [(1991, -6.126027397260274, 77.01095890410959)]
SWE00140160, [(1991, -5.986301369863014, 59.52876712328767)]
SWE00140256, [(1991, -27.843835616438355, 66.36164383561643)]
SWE00140418, [(1991, -27.966480446927374, 55.45530726256983)]
SWE00140634, [(1991, -53.888563049853374, 51.247058823529414)]
SWE00140700, [(1991, -66.34817813765183, 38.17886178861789)]
SWE00140886, [(1991, -67.22739726027397, 38.512328767123286)]
SWE00140904, [(1991, -47.9972602739726, 31.268493150684932)]
SWE00140910, [(1991, -72.46301369863014, 29.78904109589041)]
SWM00002080, [(1991, -55.66027397260274, 28.78082191780822)]
SY000040061, [(1991, 125.83013698630137, 256.8767123287671)]
TH000048328, [(1991, 208.23367697594503, 338.6676217765043)]
TH000048376, [(1991, 228.31649831649833, 339.69340974212037)]
TH000048400, [(1991, 238.33424657534246, 349.75342465753425)]
TH000048517, [(1991, 233.27941176470588, 320.6637426900585)]
TH000048550, [(1991, 250.8996282527881, 310.9002849002849)]
TH000048565, [(1991, 233.16883116883116, 322.748502994012)]
TI000038715, [(1991, None, 10.093023255813954)]
TS000060765, [(1991, 150.557003257329, 234.6279761904762)]
TSM00060715, [(1991, 122.90217391304348, 236.05537459283389)]
TU000017062, [(1991, 108.21917808219177, 171.33972602739726)]
TU000017170, [(1991, 46.42739726027397, 148.5205479452055)]
TUM00017096, [(1991, -18.31851851851852, 120.27309236947791)]
TX000038261, [(1991, 44.20754716981132, 149.37078651685394)]
TX000038756, [(1991, 108.75, 201.16822429906543)]
TX000038885, [(1991, 108.31147540983606, 199.0952380952381)]
TX000038987, [(1991, 88.21095890410959, 227.52328767123288)]
TZ000063756, [(1991, 163.41666666666666, 283.74074074074076)]
TZM00063870, [(1991, 216.46875, 305.1034482758621)]
UK000047811, [(1991, 59.99452054794521, 129.4027397260274)]
UKM00003100, [(1991, 70.75111111111111, 120.88372093023256)]
UKM00003772, [(1991, 70.28444444444445, 146.15189873417722)]
UPM00033788, [(1991, 51.87555555555556, 151.72542372881355)]
UPM00033869, [(1991, 69.75849056603774, 158.2596153846154)]
UPM00033983, [(1991, 72.52876712328766, 147.14246575342466)]
UPM00034319, [(1991, 37.055813953488375, 139.864768683274)]
USC00010395, [(1991, 107.8254716981132, 213.76415094339623)]
USC00013620, [(1991, 107.75549450549451, 217.15934065934067)]
USC00020871, [(1991, 4.857638888888889, 169.96875)]
USC00021282, [(1991, 137.96164383561643, 274.0383561643836)]
USC00021654, [(1991, 34.30901287553648, 219.91489361702128)]
USC00022329, [(1991, 35.3421926910299, 197.3421926910299)]
USC00024645, [(1991, 94.30939226519337, 228.34530386740332)]
USC00024849, [(1991, 66.71052631578948, 205.68045112781954)]
USC00025665, [(1991, 44.75623268698061, 174.3314917127072)]
USC00026250, [(1991, 143.7342857142857, 304.29829545454544)]
USC00026616, [(1991, 39.39488636363637, 214.456338028169)]
USC00027480, [(1991, 106.84931506849315, 263.44657534246574)]
USC00028641, [(1991, 131.23204419889504, 299.48618784530385)]
USC00029634, [(1991, 146.41643835616438, 302.16438356164383)]
USC00030936, [(1991, 114.84722222222223, 218.73961218836564)]
USC00031455, [(1991, 92.13698630136986, 221.1095890410959)]
USC00031962, [(1991, 120.46301369863014, 237.0191780821918)]
USC00034134, [(1991, 104.83433734939759, 225.24924924924926)]
USC00034548, [(1991, 120.3917808219178, 237.21917808219177)]
USC00035046, [(1991, 93.15616438356165, 217.42265193370164)]
USC00035112, [(1991, 113.84657534246575, 229.2219178082192)]
USC00040161, [(1991, -13.342465753424657, 172.85479452054796)]
USC00041214, [(1991, -22.522222222222222, 198.6888888888889)]
USC00041277, [(1991, 39.61538461538461, 159.38736263736263)]
USC00041316, [(1991, 20.375342465753423, 184.31506849315068)]
USC00041424, [(1991, 44.83195592286501, 244.6685082872928)]
USC00041697, [(1991, 49.05769230769231, 186.6620879120879)]
USC00041700, [(1991, 1.4943502824858756, 170.09887005649716)]
USC00041715, [(1991, 78.39577039274924, 243.202416918429)]
USC00041838, [(1991, 48.559322033898304, 178.25423728813558)]
USC00041967, [(1991, 93.29508196721312, 230.18032786885246)]
USC00042147, [(1991, 80.72602739726027, 155.61917808219178)]
USC00042402, [(1991, 45.40659340659341, 211.62637362637363)]
USC00043551, [(1991, 32.846575342465755, 134.03287671232877)]
USC00043647, [(1991, 64.47945205479452, 159.413698630137)]
USC00043761, [(1991, 49.06428571428572, 229.45035460992906)]
USC00044211, [(1991, 31.53994490358127, 190.11570247933884)]
USC00044232, [(1991, 70.04657534246576, 239.95068493150686)]
USC00044523, [(1991, 87.46301369863014, 256.4821917808219)]
USC00044712, [(1991, 77.67671232876712, 246.52876712328768)]
USC00045123, [(1991, 80.4931506849315, 220.27945205479452)]
USC00045360, [(1991, 77.63561643835617, 238.17808219178082)]
USC00045795, [(1991, 89.74794520547945, 178.73424657534247)]
USC00045915, [(1991, 90.04395604395604, 206.53296703296704)]
USC00046521, [(1991, 79.91483516483517, 238.93406593406593)]
USC00046599, [(1991, 87.96600566572238, 179.2683615819209)]
USC00046719, [(1991, 116.21546961325967, 264.66022099447514)]
USC00046773, [(1991, 71.975, 202.19834710743802)]
USC00046962, [(1991, 111.34693877551021, 221.5597667638484)]
USC00047109, [(1991, 56.452991452991455, 230.4297994269341)]
USC00047643, [(1991, 74.14049586776859, 234.2258953168044)]
USC00047874, [(1991, 94.26721763085399, 254.18406593406593)]
USC00047880, [(1991, 94.63855421686748, 209.8855421686747)]
USC00048135, [(1991, 114.06887052341598, 232.2258953168044)]
USC00048351, [(1991, 70.32686980609418, 230.26519337016575)]
USC00048873, [(1991, -21.38082191780822, 157.97808219178083)]
USC00049026, [(1991, 43.59178082191781, 212.1041095890411)]
USC00049053, [(1991, -12.177631578947368, 152.6578947368421)]
USC00049200, [(1991, 86.36797752808988, 248.16483516483515)]
USC00049452, [(1991, 96.36490250696379, 260.74581005586595)]
USC00049473, [(1991, 54.52066115702479, 192.7554945054945)]
USC00049785, [(1991, 93.1456043956044, 266.010989010989)]
USC00049866, [(1991, 22.736986301369864, 202.4587912087912)]
USC00051186, [(1991, -57.88919667590028, 87.44875346260388)]
USC00051294, [(1991, 33.84109589041096, 191.186301369863)]
USC00051564, [(1991, 30.594520547945205, 193.55890410958904)]
USC00053496, [(1991, -65.42191780821918, 119.08493150684932)]
USC00053541, [(1991, -15.941176470588236, 137.7865168539326)]
USC00054054, [(1991, -56.294117647058826, 126.9719887955182)]
USC00054135, [(1991, -39.956043956043956, 106.9478021978022)]
USC00055236, [(1991, 16.684931506849313, 174.86027397260273)]
USC00055446, [(1991, -45.912921348314605, 146.15099715099714)]
USC00055722, [(1991, 9.824657534246576, 159.08219178082192)]
USC00057309, [(1991, -61.97260273972603, 107.11232876712329)]
USC00057315, [(1991, 35.91387559808612, 178.0952380952381)]
USC00059295, [(1991, 17.906593406593405, 187.9313186813187)]
USC00061488, [(1991, 38.598885793871865, 173.83844011142062)]
USC00063207, [(1991, 59.38904109589041, 170.03835616438357)]
USC00076410, [(1991, 77.0054794520548, 202.55890410958904)]
USC00079605, [(1991, 87.54520547945205, 185.7123287671233)]
USC00083322, [(1991, 146.82465753424657, 272.758904109589)]
USC00085275, [(1991, 153.49175824175825, 268.47123287671235)]
USC00085539, [(1991, 144.6109589041096, 270.42739726027395)]
USC00087429, [(1991, 142.07671232876712, 257.1890410958904)]
USC00091965, [(1991, 81.73972602739725, 207.56164383561645)]
USC00093915, [(1991, 112.10684931506849, 234.33698630136988)]
USC00094170, [(1991, 136.78082191780823, 254.77472527472528)]
USC00094230, [(1991, 94.42739726027398, 216.75616438356164)]
USC00094941, [(1991, 81.53353658536585, 205.96646341463415)]
USC00095394, [(1991, 115.41714285714286, 248.9971590909091)]
USC00095811, [(1991, 144.6231884057971, 260.81710914454277)]
USC00095874, [(1991, 110.07262569832402, 248.56338028169014)]
USC00098661, [(1991, 119.67671232876712, 245.63287671232877)]
USC00101220, [(1991, 23.61813186813187, 155.55494505494505)]
USC00102444, [(1991, 42.47904191616767, 172.00299401197606)]
USC00103110, [(1991, -37.01675977653631, 126.60614525139665)]
USC00104268, [(1991, -20.835164835164836, 136.86263736263737)]
USC00104295, [(1991, 15.205020920502092, 164.72384937238493)]
USC00104442, [(1991, -20.486263736263737, 156.37883008356545)]
USC00105414, [(1991, -24.542699724517906, 163.6988950276243)]
USC00105462, [(1991, -19.421348314606742, 131.56741573033707)]
USC00105897, [(1991, -14.832417582417582, 158.1041095890411)]
USC00106230, [(1991, 11.67123287671233, 136.98356164383563)]
USC00106305, [(1991, 28.5414364640884, 176.00552486187846)]
USC00106542, [(1991, 24.742465753424657, 166.92876712328768)]
USC00107040, [(1991, -17.016438356164382, 154.15342465753426)]
USC00107346, [(1991, 1.6706231454005935, 157.0652818991098)]
USC00107961, [(1991, 10.01086956521739, 182.47282608695653)]
USC00109560, [(1991, -54.47962382445141, 120.9717868338558)]
USC00110187, [(1991, 95.26923076923077, 202.1043956043956)]
USC00110442, [(1991, 42.57807308970099, 148.7056856187291)]
USC00112353, [(1991, 95.90055248618785, 210.3314917127072)]
USC00112500, [(1991, 50.20054945054945, 165.43956043956044)]
USC00112719, [(1991, 92.83013698630137, 198.92876712328768)]
USC00113109, [(1991, 82.71232876712328, 200.37534246575342)]
USC00113940, [(1991, 63.86027397260274, 176.1972602739726)]
USC00114108, [(1991, 72.18356164383562, 202.45205479452054)]
USC00114198, [(1991, 68.38356164383562, 176.73150684931508)]
USC00114489, [(1991, 75.75277777777778, 187.4593837535014)]
USC00116526, [(1991, 58.863013698630134, 167.13698630136986)]
USC00116661, [(1991, 40.3013698630137, 151.5972602739726)]
USC00116910, [(1991, 60.57808219178082, 165.6054794520548)]
USC00117126, [(1991, 69.07142857142857, 185.83516483516485)]
USC00118740, [(1991, 66.9945205479452, 177.42465753424656)]
USC00120177, [(1991, 69.9010989010989, 170.72602739726028)]
USC00120852, [(1991, 88.01917808219179, 203.0082191780822)]
USC00121425, [(1991, 92.64657534246575, 204.13698630136986)]
USC00123207, [(1991, 55.20882352941177, 165.21470588235294)]
USC00124356, [(1991, 97.7119341563786, 219.76639344262296)]
USC00124782, [(1991, 54.209366391184574, 158.6198347107438)]
USC00126435, [(1991, 81.13489736070382, 192.15317919075144)]
USC00126705, [(1991, 66.37190082644628, 197.8021978021978)]
USC00127482, [(1991, 56.07671232876712, 160.24383561643836)]
USC00127875, [(1991, 73.14868804664724, 186.26162790697674)]
USC00127935, [(1991, 71.75616438356164, 185.1095890410959)]
USC00128352, [(1991, 79.78287461773701, 196.5527950310559)]
USC00129222, [(1991, 46.12602739726027, 163.78630136986303)]
USC00129678, [(1991, 61.17877094972067, 161.4804469273743)]
USC00130923, [(1991, 30.194520547945206, 133.15890410958903)]
USC00131442, [(1991, 22.024657534246575, 144.58356164383562)]
USC00132171, [(1991, 41.863013698630134, 145.94520547945206)]
USC00132603, [(1991, 26.53698630136986, 148.1068493150685)]
USC00132789, [(1991, 57.446280991735534, 173.831955922865)]
USC00132999, [(1991, 46.14803625377643, 158.21021021021022)]
USC00133509, [(1991, 31.46153846153846, 155.77747252747253)]
USC00133584, [(1991, 27.106849315068494, 136.48767123287672)]
USC00133623, [(1991, -25.4, 76.43589743589743)]
USC00134049, [(1991, 34.94794520547945, 143.82739726027398)]
USC00134142, [(1991, 33.95054945054945, 146.28571428571428)]
USC00135198, [(1991, 40.63636363636363, 149.22739726027396)]
USC00136200, [(1991, 30.263736263736263, 137.93388429752065)]
USC00137613, [(1991, 49.23351648351648, 175.08264462809916)]
USC00137700, [(1991, 30.231843575418996, 158.13725490196077)]
USC00137844, [(1991, 26.786301369863015, 135.37534246575342)]
USC00141351, [(1991, 77.87123287671233, 196.66027397260274)]
USC00141699, [(1991, 27.53698630136986, 188.7178082191781)]
USC00141867, [(1991, 67.38082191780822, 196.4986301369863)]
USC00142548, [(1991, 70.65205479452055, 194.7945205479452)]
USC00142980, [(1991, 45.271232876712325, 200.3901098901099)]
USC00144087, [(1991, 46.64109589041096, 201.5205479452055)]
USC00144357, [(1991, 35.059760956175296, 209.48809523809524)]
USC00144588, [(1991, 77.8434065934066, 201.21703296703296)]
USC00144972, [(1991, 69.6986301369863, 210.95890410958904)]
USC00145152, [(1991, 83.93074792243767, 212.78947368421052)]
USC00145173, [(1991, 81.53150684931506, 222.17534246575343)]
USC00146808, [(1991, 41.28021978021978, 205.79395604395606)]
USC00148191, [(1991, 88.4188790560472, 206.23598820058996)]
USC00148287, [(1991, 38.893371757925074, 217.80691642651297)]
USC00148563, [(1991, 76.17534246575343, 207.64383561643837)]
USC00148578, [(1991, 66.58904109589041, 203.26027397260273)]
USC00148914, [(1991, 54.88767123287671, 221.12876712328767)]
USC00150402, [(1991, 95.03561643835616, 212.22739726027396)]
USC00150450, [(1991, 80.47945205479452, 194.9972602739726)]
USC00151890, [(1991, 80.71779141104294, 213.73538461538462)]
USC00152409, [(1991, 77.55688622754491, 193.98203592814372)]
USC00152775, [(1991, 69.05382436260624, 187.37677053824362)]
USC00153246, [(1991, 84.26098901098901, 212.21978021978023)]
USC00155097, [(1991, 95.10179640718563, 216.27844311377245)]
USC00157215, [(1991, 104.35616438356165, 203.186301369863)]
USC00157677, [(1991, 51.12328767123287, 197.0958904109589)]
USC00158709, [(1991, 78.64657534246575, 213.24657534246575)]
USC00160098, [(1991, 144.1878453038674, 249.18508287292818)]
USC00161292, [(1991, 177.21369863013697, 246.15616438356165)]
USC00162534, [(1991, 150.1013698630137, 255.1041095890411)]
USC00162981, [(1991, 150.12637362637363, 261.34520547945203)]
USC00164700, [(1991, 148.1260273972603, 246.4931506849315)]
USC00166314, [(1991, 129.81095890410958, 245.0246575342466)]
USC00166938, [(1991, 144.6685393258427, 243.1938202247191)]
USC00169806, [(1991, 132.95342465753424, 244.56986301369864)]
USC00170844, [(1991, 6.761772853185596, 131.08839779005524)]
USC00172878, [(1991, -32.676712328767124, 96.7972602739726)]
USC00178974, [(1991, -8.893150684931507, 134.36986301369862)]
USC00180732, [(1991, 87.75616438356164, 212.8901098901099)]
USC00182325, [(1991, 56.86027397260274, 215.17808219178082)]
USC00183975, [(1991, 64.80060422960725, 185.1987951807229)]
USC00185865, [(1991, 87.30684931506849, 203.29041095890412)]
USC00188877, [(1991, 148.51239669421489, 276.6181818181818)]
USC00193821, [(1991, 64.97808219178083, 153.8931506849315)]
USC00193890, [(1991, 52.169444444444444, 165.64444444444445)]
USC00194313, [(1991, 31.84109589041096, 162.06027397260274)]
USC00194502, [(1991, 53.778443113772454, 154.67664670658684)]
USC00195246, [(1991, 72.5068493150685, 166.6)]
USC00195984, [(1991, 51.06666666666667, 170.65373961218836)]
USC00196245, [(1991, 50.16986301369863, 156.78630136986303)]
USC00199221, [(1991, 12.821917808219178, 149.37808219178083)]
USC00200718, [(1991, -19.7202216066482, 104.93093922651934)]
USC00202737, [(1991, 29.81095890410959, 107.17534246575343)]
USC00203358, [(1991, 110.0, 249.36363636363637)]
USC00203391, [(1991, 3.1534246575342464, 127.06575342465753)]
USC00203661, [(1991, 34.66483516483517, 155.6456043956044)]
USC00203823, [(1991, 37.323287671232876, 151.04109589041096)]
USC00203973, [(1991, 144.24, 285.52)]
USC00204363, [(1991, 97.2, 207.96666666666667)]
USC00205065, [(1991, 39.121468926553675, 133.12957746478872)]
USC00208293, [(1991, -4.8121546961325965, 109.04143646408839)]
USC00208920, [(1991, 2.734246575342466, 103.11780821917809)]
USC00210018, [(1991, 13.221917808219178, 126.81369863013698)]
USC00210939, [(1991, -7.380821917808219, 115.7972602739726)]
USC00211227, [(1991, 2.9532967032967035, 114.51098901098901)]
USC00211776, [(1991, 29.89513108614232, 154.8801498127341)]
USC00212916, [(1991, -26.07945205479452, 103.78904109589041)]
USC00215325, [(1991, 7.7202216066482, 130.1243093922652)]
USC00215598, [(1991, -5.282191780821917, 113.87123287671233)]
USC00217107, [(1991, 18.40934065934066, 132.33333333333334)]
USC00217149, [(1991, 13.526027397260274, 115.74520547945205)]
USC00218025, [(1991, 36.38223938223938, 149.57142857142858)]
USC00218700, [(1991, -22.82312925170068, 103.63013698630137)]
USC00219072, [(1991, 70.1588785046729, 177.88317757009347)]
USC00219168, [(1991, 35.0814332247557, 140.95424836601308)]
USC00219249, [(1991, 19.358333333333334, 136.66666666666666)]
USC00220521, [(1991, 144.2534435261708, 256.8729281767956)]
USC00221880, [(1991, 113.32307692307693, 227.29320987654322)]
USC00223107, [(1991, 117.34159779614325, 244.8186813186813)]
USC00223887, [(1991, 133.53370786516854, 244.97464788732395)]
USC00225987, [(1991, 127.6082191780822, 252.70958904109588)]
USC00226308, [(1991, 114.28767123287672, 239.91780821917808)]
USC00229860, [(1991, 131.86849315068494, 242.4849315068493)]
USC00230088, [(1991, 78.34920634920636, 181.6290322580645)]
USC00230817, [(1991, 74.63835616438357, 189.24931506849316)]
USC00231087, [(1991, 86.43370165745857, 201.25138121546962)]
USC00231189, [(1991, 82.68698060941828, 208.45429362880887)]
USC00231822, [(1991, 54.03361344537815, 173.375350140056)]
USC00232503, [(1991, 84.40384615384616, 196.05769230769232)]
USC00232809, [(1991, 75.79387186629526, 191.75208913649024)]
USC00233043, [(1991, 72.53972602739726, 192.41643835616438)]
USC00233079, [(1991, 67.83561643835617, 185.5945205479452)]
USC00234705, [(1991, 82.82644628099173, 209.97802197802199)]
USC00235671, [(1991, 84.65840220385675, 190.4532967032967)]
USC00235704, [(1991, 84.24309392265194, 203.86263736263737)]
USC00236460, [(1991, 65.26849315068493, 215.8986301369863)]
USC00238620, [(1991, 66.38397790055248, 194.70165745856355)]
USC00238995, [(1991, 82.99725274725274, 203.4587912087912)]
USC00240375, [(1991, -8.201101928374655, 120.72176308539945)]
USC00240780, [(1991, 15.15977961432507, 163.40883977900552)]
USC00241008, [(1991, -13.50140056022409, 143.01120448179273)]
USC00241500, [(1991, -58.426086956521736, 94.69565217391305)]
USC00241557, [(1991, -13.504109589041096, 140.9013698630137)]
USC00241692, [(1991, -15.792022792022792, 152.14088397790056)]
USC00241875, [(1991, -0.07397260273972603, 158.6876712328767)]
USC00242793, [(1991, -1.9917808219178081, 142.65753424657535)]
USC00243489, [(1991, -3.4767123287671233, 130.3178082191781)]
USC00244386, [(1991, -3.2273972602739724, 168.0904109589041)]
USC00244506, [(1991, 9.126027397260273, 161.71506849315068)]
USC00244512, [(1991, -8.303867403314918, 143.6767955801105)]
USC00244839, [(1991, -23.501392757660167, 163.75354107648724)]
USC00246660, [(1991, -31.178807947019866, 84.82781456953643)]
USC00246918, [(1991, -17.76986301369863, 118.93150684931507)]
USC00247740, [(1991, -7.854794520547945, 152.64462809917356)]
USC00248211, [(1991, 17.175342465753424, 167.8958904109589)]
USC00248415, [(1991, -7.427397260273972, 130.5013698630137)]
USC00249900, [(1991, -49.32945736434109, 132.2015503875969)]
USC00250365, [(1991, 22.356164383561644, 169.55342465753424)]
USC00251973, [(1991, 24.85123966942149, 172.50824175824175)]
USC00252741, [(1991, 14.42382271468144, 175.0027700831025)]
USC00253050, [(1991, 53.63013698630137, 177.24657534246575)]
USC00253605, [(1991, 2.504109589041096, 173.6767123287671)]
USC00253755, [(1991, 26.586301369863012, 159.96986301369864)]
USC00254985, [(1991, 36.86027397260274, 177.55068493150685)]
USC00255090, [(1991, 32.010958904109586, 191.09315068493152)]
USC00256395, [(1991, 34.56268221574344, 165.5159420289855)]
USC00257040, [(1991, 27.852054794520548, 175.8986301369863)]
USC00258480, [(1991, 41.03846153846154, 163.58516483516485)]
USC00259200, [(1991, 28.272455089820358, 150.5)]
USC00261327, [(1991, 74.4140625, 250.1171875)]
USC00262497, [(1991, 126.85070422535212, 274.4169014084507)]
USC00262557, [(1991, 61.07182320441989, 231.44628099173553)]
USC00264480, [(1991, 144.7178082191781, 301.5260273972603)]
USC00265392, [(1991, -40.34757834757835, 154.8595988538682)]
USC00265722, [(1991, -16.69041095890411, 152.92328767123288)]
USC00265818, [(1991, 4.608219178082192, 179.4931506849315)]
USC00267450, [(1991, -8.378082191780821, 177.22465753424657)]
USC00267612, [(1991, 6.052054794520548, 188.4986301369863)]
USC00268443, [(1991, -2.484931506849315, 187.813698630137)]
USC00268761, [(1991, 44.53185595567867, 157.26795580110496)]
USC00270690, [(1991, 5.118131868131868, 129.25)]
USC00275211, [(1991, 19.72972972972973, 127.56112852664577)]
USC00275712, [(1991, 36.49586776859504, 158.06060606060606)]
USC00280734, [(1991, 50.24657534246575, 170.04657534246576)]
USC00282768, [(1991, 62.38082191780822, 176.34794520547945)]
USC00283029, [(1991, 51.75069252077562, 180.5303867403315)]
USC00287865, [(1991, 94.74358974358974, 174.22507122507122)]
USC00288816, [(1991, 93.14, 220.8523489932886)]
USC00290199, [(1991, 89.23561643835616, 231.62465753424658)]
USC00291480, [(1991, 97.5, 225.9325513196481)]
USC00292608, [(1991, -29.783561643835615, 169.06301369863013)]
USC00292785, [(1991, -5.758241758241758, 172.57417582417582)]
USC00293031, [(1991, 29.42274052478134, 213.60932944606415)]
USC00293649, [(1991, 35.0989010989011, 207.21978021978023)]
USC00293682, [(1991, 5.506849315068493, 200.22465753424657)]
USC00295965, [(1991, 19.871148459383754, 188.1938202247191)]
USC00296619, [(1991, 18.14010989010989, 185.33516483516485)]
USC00297651, [(1991, 6.780821917808219, 177.7972602739726)]
USC00299691, [(1991, 26.40730337078652, 178.0140056022409)]
USC00300063, [(1991, 37.525373134328355, 155.08656716417912)]
USC00300360, [(1991, 19.954154727793696, 147.58739255014328)]
USC00301623, [(1991, 27.232876712328768, 144.61917808219178)]
USC00301752, [(1991, 22.18082191780822, 145.9041095890411)]
USC00303033, [(1991, 61.24657534246575, 155.97260273972603)]
USC00304575, [(1991, 28.508474576271187, 156.85310734463278)]
USC00304791, [(1991, 18.577844311377245, 138.4954954954955)]
USC00307842, [(1991, 49.0986301369863, 154.96712328767123)]
USC00308625, [(1991, 18.757575757575758, 139.4082191780822)]
USC00308631, [(1991, -27.695970695970697, 96.84926470588235)]
USC00309000, [(1991, 36.323287671232876, 138.66027397260274)]
USC00310506, [(1991, 51.342465753424655, 172.04931506849314)]
USC00313017, [(1991, 110.25690607734806, 234.70441988950276)]
USC00313356, [(1991, 118.86225895316804, 227.15977961432506)]
USC00314970, [(1991, 95.33698630136986, 222.1041095890411)]
USC00315123, [(1991, 77.13165266106442, 230.35574229691878)]
USC00317202, [(1991, 97.38082191780822, 211.14794520547946)]
USC00317319, [(1991, 94.18131868131869, 219.72346368715083)]
USC00318744, [(1991, 102.31506849315069, 226.3232876712329)]
USC00319467, [(1991, 116.38630136986302, 238.1123287671233)]
USC00320382, [(1991, 0.4712328767123288, 126.68493150684931)]
USC00321225, [(1991, 3.9495798319327733, 132.20612813370474)]
USC00321360, [(1991, -8.0, 113.73424657534247)]
USC00321408, [(1991, -4.002739726027397, 124.31780821917808)]
USC00321435, [(1991, -16.695890410958903, 99.28493150684932)]
USC00321456, [(1991, 21.725761772853186, 136.85041551246536)]
USC00322482, [(1991, -0.453781512605042, 121.80672268907563)]
USC00322536, [(1991, -7.449324324324325, 146.64527027027026)]
USC00323217, [(1991, -4.996753246753247, 132.51623376623377)]
USC00325764, [(1991, -7.336986301369863, 113.5095890410959)]
USC00326025, [(1991, -6.6375, 127.45)]
USC00329400, [(1991, -11.024725274725276, 113.18681318681318)]
USC00330264, [(1991, 56.71232876712329, 152.78630136986303)]
USC00330279, [(1991, 80.06752411575563, 194.07671232876712)]
USC00331197, [(1991, 69.3945205479452, 189.37808219178083)]
USC00331404, [(1991, 55.65826330532213, 167.47899159663865)]
USC00331905, [(1991, 70.77534246575343, 173.13972602739727)]
USC00332067, [(1991, 83.96368715083798, 187.1759776536313)]
USC00332160, [(1991, 34.56986301369863, 184.33972602739726)]
USC00333987, [(1991, 61.95616438356164, 193.82913165266106)]
USC00334383, [(1991, 62.4986301369863, 180.7917808219178)]
USC00334551, [(1991, 72.89315068493151, 175.62912087912088)]
USC00335268, [(1991, 68.82417582417582, 189.73553719008265)]
USC00336882, [(1991, 76.04444444444445, 150.6060606060606)]
USC00337935, [(1991, 61.80112044817927, 173.45658263305322)]
USC00340017, [(1991, 102.73150684931507, 224.56712328767122)]
USC00340593, [(1991, 58.97534246575343, 219.44109589041096)]
USC00340755, [(1991, 87.25824175824175, 223.19452054794522)]
USC00340782, [(1991, 93.55616438356165, 217.45479452054795)]
USC00341706, [(1991, 101.0415512465374, 241.10833333333332)]
USC00342849, [(1991, 94.10495626822157, 223.58309037900875)]
USC00343353, [(1991, 100.85555555555555, 225.69166666666666)]
USC00343497, [(1991, 92.73391812865498, 217.05555555555554)]
USC00344055, [(1991, 93.30958904109589, 226.83561643835617)]
USC00344766, [(1991, 61.98518518518519, 228.43333333333334)]
USC00345216, [(1991, 97.09253731343284, 218.47305389221557)]
USC00345468, [(1991, 116.7972602739726, 234.23835616438356)]
USC00346278, [(1991, 94.76795580110497, 219.37845303867402)]
USC00346629, [(1991, 94.7068493150685, 226.36164383561643)]
USC00346926, [(1991, 101.6109589041096, 236.33424657534246)]
USC00348708, [(1991, 80.5561797752809, 221.96918767507003)]
USC00349017, [(1991, 59.34017595307918, 214.28654970760235)]
USC00349023, [(1991, 107.07671232876713, 238.3890410958904)]
USC00349422, [(1991, 92.62191780821918, 224.46027397260275)]
USC00350265, [(1991, 83.95495495495496, 209.24773413897282)]
USC00350304, [(1991, 38.35164835164835, 190.59065934065933)]
USC00351765, [(1991, 23.0, 150.94520547945206)]
USC00353445, [(1991, 47.01497005988024, 203.52095808383234)]
USC00354003, [(1991, 51.87397260273973, 167.7972602739726)]
USC00354126, [(1991, 42.52876712328767, 181.7972602739726)]
USC00354357, [(1991, -3.9166666666666665, 143.43421052631578)]
USC00354606, [(1991, 49.5972602739726, 167.6054794520548)]
USC00355050, [(1991, 65.16164383561645, 172.96712328767123)]
USC00355335, [(1991, 5.423423423423423, 179.72372372372374)]
USC00355362, [(1991, 43.556363636363635, 196.70181818181817)]
USC00355545, [(1991, 37.446575342465756, 164.57808219178082)]
USC00355593, [(1991, 65.38356164383562, 183.4958904109589)]
USC00355734, [(1991, 38.50958904109589, 158.1260273972603)]
USC00356151, [(1991, 59.02739726027397, 174.68493150684932)]
USC00356334, [(1991, 74.50279329608938, 181.60445682451254)]
USC00356820, [(1991, 57.29041095890411, 191.47671232876712)]
USC00356883, [(1991, 1.5342465753424657, 178.60821917808218)]
USC00358029, [(1991, 16.63736263736264, 151.3956043956044)]
USC00358407, [(1991, 68.90883977900552, 189.3011049723757)]
USC00358536, [(1991, 41.821917808219176, 165.92602739726027)]
USC00358746, [(1991, 22.14246575342466, 158.16986301369863)]
USC00358812, [(1991, 30.574285714285715, 178.13714285714286)]
USC00361212, [(1991, 18.193370165745858, 161.51657458563537)]
USC00361485, [(1991, 52.5688622754491, 195.55988023952096)]
USC00361815, [(1991, 21.41917808219178, 141.13424657534247)]
USC00364896, [(1991, 55.293956043956044, 174.5054945054945)]
USC00365109, [(1991, 50.8489010989011, 174.73626373626374)]
USC00366927, [(1991, 50.52238805970149, 174.90149253731343)]
USC00367338, [(1991, 28.024657534246575, 180.34520547945206)]
USC00368073, [(1991, 68.7972602739726, 186.64383561643837)]
USC00370218, [(1991, 70.54347826086956, 182.4945652173913)]
USC00380736, [(1991, 111.22038567493112, 232.81542699724517)]
USC00381093, [(1991, 124.95342465753424, 246.4054794520548)]
USC00381588, [(1991, 109.31932773109244, 230.31372549019608)]
USC00381633, [(1991, 90.58082191780822, 229.14246575342466)]
USC00382260, [(1991, 125.00828729281768, 245.10743801652893)]
USC00383754, [(1991, 98.69252077562327, 226.23055555555555)]
USC00384753, [(1991, 97.35625, 242.015625)]
USC00385509, [(1991, 125.43396226415095, 251.75)]
USC00386616, [(1991, 117.78082191780823, 235.56164383561645)]
USC00388887, [(1991, 93.78356164383561, 222.94246575342467)]
USC00393069, [(1991, 29.796703296703296, 164.42582417582418)]
USC00394596, [(1991, 25.07945205479452, 151.82465753424657)]
USC00395154, [(1991, 20.939828080229226, 166.91142857142856)]
USC00397227, [(1991, -59.476331360946745, 114.61538461538461)]
USC00397545, [(1991, 9.597260273972603, 135.41643835616438)]
USC00397992, [(1991, 17.165289256198346, 154.73076923076923)]
USC00398307, [(1991, 19.065753424657533, 143.64109589041095)]
USC00398652, [(1991, 1.9013698630136986, 120.9945205479452)]
USC00399042, [(1991, 24.512328767123286, 142.23835616438356)]
USC00399537, [(1991, 5.287292817679558, 149.9668508287293)]
USC00401145, [(1991, 110.40821917808219, 214.03013698630136)]
USC00401808, [(1991, 92.97752808988764, 217.53150684931506)]
USC00402009, [(1991, 77.93150684931507, 207.67397260273972)]
USC00402360, [(1991, 98.75206611570248, 210.60055096418733)]
USC00405108, [(1991, 87.63013698630137, 216.56712328767122)]
USC00406371, [(1991, 90.17127071823204, 214.46027397260275)]
USC00409800, [(1991, 104.97206703910615, 216.96927374301677)]
USC00410394, [(1991, 95.55342465753425, 240.5205479452055)]
USC00410691, [(1991, 114.43801652892562, 245.29201101928373)]
USC00410832, [(1991, 119.73150684931507, 245.63561643835615)]
USC00411033, [(1991, 44.51780821917808, 212.93698630136987)]
USC00411048, [(1991, 154.72252747252747, 265.6840659340659)]
USC00411528, [(1991, 164.34328358208955, 292.71343283582087)]
USC00411663, [(1991, 160.54246575342466, 281.4876712328767)]
USC00411810, [(1991, 138.12876712328767, 250.29041095890412)]
USC00412404, [(1991, 126.17808219178082, 234.0027397260274)]
USC00412677, [(1991, 131.57808219178082, 247.3972602739726)]
USC00413133, [(1991, 121.08539944903582, 244.96164383561643)]
USC00413214, [(1991, 78.77747252747253, 220.37362637362637)]
USC00413262, [(1991, 72.89285714285714, 231.86575342465753)]
USC00413445, [(1991, 84.88215488215488, 238.94276094276094)]
USC00413778, [(1991, 126.9972602739726, 271.55342465753426)]
USC00414093, [(1991, 100.59452054794521, 240.3013698630137)]
USC00414525, [(1991, 124.29012345679013, 239.69444444444446)]
USC00414675, [(1991, 126.76704545454545, 265.4180790960452)]
USC00414696, [(1991, 153.87869822485206, 253.84660766961653)]
USC00414903, [(1991, 147.3013698630137, 267.15342465753423)]
USC00415341, [(1991, 115.72802197802197, 249.13483146067415)]
USC00415611, [(1991, 137.5041095890411, 249.11780821917807)]
USC00415707, [(1991, 121.60497237569061, 252.4364640883978)]
USC00415821, [(1991, 88.91232876712328, 233.2931506849315)]
USC00416499, [(1991, 108.57417582417582, 249.7445054945055)]
USC00416781, [(1991, 124.32967032967034, 256.7087912087912)]
USC00417327, [(1991, 120.6986301369863, 249.16164383561645)]
USC00417936, [(1991, 126.02747252747253, 252.76098901098902)]
USC00418305, [(1991, 63.3944099378882, 236.82608695652175)]
USC00418449, [(1991, 83.22324159021407, 259.82874617737)]
USC00418692, [(1991, 41.065934065934066, 200.12362637362637)]
USC00419163, [(1991, 104.0934065934066, 246.17260273972602)]
USC00419346, [(1991, 99.12876712328767, 236.15342465753426)]
USC00419847, [(1991, 123.58904109589041, 241.06849315068493)]
USC00419976, [(1991, 180.64166666666668, 294.22437673130196)]
USC00420072, [(1991, -15.350828729281767, 86.47237569060773)]
USC00420168, [(1991, -38.93698630136986, 167.47397260273974)]
USC00420336, [(1991, 53.53739612188366, 206.46368715083798)]
USC00421260, [(1991, 21.284931506849315, 165.56986301369864)]
USC00421308, [(1991, -3.863128491620112, 156.54748603351956)]
USC00422253, [(1991, -5.2027397260273975, 149.21369863013697)]
USC00422592, [(1991, 15.03013698630137, 182.22465753424657)]
USC00423624, [(1991, -23.5327868852459, 146.68032786885246)]
USC00425805, [(1991, -0.7777777777777778, 142.56473829201101)]
USC00425826, [(1991, -13.32876712328767, 165.64931506849314)]
USC00426135, [(1991, 17.53185595567867, 186.2853185595568)]
USC00426534, [(1991, 18.271978021978022, 208.13150684931506)]
USC00427026, [(1991, 24.87719298245614, 178.4561403508772)]
USC00428817, [(1991, 28.936986301369863, 155.23287671232876)]
USC00428973, [(1991, 7.956164383561644, 164.5068493150685)]
USC00429111, [(1991, -7.435616438356164, 153.9945205479452)]
USC00436761, [(1991, 14.417763157894736, 133.4851485148515)]
USC00440385, [(1991, 111.93333333333334, 229.0)]
USC00441606, [(1991, 101.32934131736526, 217.82035928143713)]
USC00442044, [(1991, 59.19060773480663, 217.03867403314916)]
USC00444414, [(1991, 97.6082191780822, 221.07945205479453)]
USC00444768, [(1991, 76.58100558659218, 218.8463687150838)]
USC00444876, [(1991, 72.49586776859505, 206.05524861878453)]
USC00444909, [(1991, 78.51373626373626, 213.8901098901099)]
USC00446475, [(1991, 107.84931506849315, 211.5945205479452)]
USC00446955, [(1991, 59.93698630136986, 185.586301369863)]
USC00448323, [(1991, 143.0032679738562, 231.15359477124184)]
USC00449025, [(1991, 94.7095890410959, 222.6767123287671)]
USC00449181, [(1991, 66.8622754491018, 186.29253731343283)]
USC00449301, [(1991, 47.794520547945204, 186.3972602739726)]
USC00450456, [(1991, 50.58670520231214, 144.35838150289018)]
USC00451395, [(1991, 5.931129476584022, 165.55371900826447)]
USC00451767, [(1991, 48.532033426183844, 159.80222841225626)]
USC00452007, [(1991, 10.32876712328767, 141.73150684931508)]
USC00452157, [(1991, 46.515068493150686, 143.36438356164385)]
USC00453177, [(1991, 41.25753424657534, 162.32876712328766)]
USC00454338, [(1991, 27.882857142857144, 171.97413793103448)]
USC00454764, [(1991, 24.643835616438356, 122.37260273972603)]
USC00455133, [(1991, 10.543956043956044, 136.5041095890411)]
USC00455844, [(1991, 22.50824175824176, 150.86301369863014)]
USC00455946, [(1991, 26.15934065934066, 150.6346153846154)]
USC00456039, [(1991, -0.476056338028169, 143.5211267605634)]
USC00457059, [(1991, 20.495890410958904, 154.02191780821917)]
USC00460527, [(1991, 36.14520547945205, 177.3041095890411)]
USC00461220, [(1991, 47.9532967032967, 181.05494505494505)]
USC00463464, [(1991, 18.585164835164836, 155.77472527472528)]
USC00464397, [(1991, 77.21487603305785, 209.95027624309392)]
USC00465672, [(1991, 39.36164383561644, 174.16164383561645)]
USC00465963, [(1991, 67.2931506849315, 189.57808219178082)]
USC00467730, [(1991, 50.44505494505494, 193.82692307692307)]
USC00469011, [(1991, 55.17857142857143, 189.79945054945054)]
USC00469323, [(1991, 65.45454545454545, 221.56709956709958)]
USC00469683, [(1991, 81.6456043956044, 198.0)]
USC00470124, [(1991, 30.482658959537574, 125.44380403458213)]
USC00470349, [(1991, 0.8214285714285714, 115.95054945054945)]
USC00470991, [(1991, -7.613981762917933, 110.66869300911854)]
USC00471078, [(1991, 26.335164835164836, 143.56712328767122)]
USC00471897, [(1991, 6.128113879003559, 126.32851985559567)]
USC00471978, [(1991, 3.4814814814814814, 118.70857142857143)]
USC00472869, [(1991, 31.835616438356166, 142.25479452054793)]
USC00474582, [(1991, 2.1726027397260275, 108.46027397260274)]
USC00474894, [(1991, 8.216438356164383, 119.91232876712328)]
USC00475581, [(1991, 17.115068493150684, 135.2821917808219)]
USC00475932, [(1991, 30.223684210526315, 142.56578947368422)]
USC00476208, [(1991, 8.841095890410958, 118.92602739726027)]
USC00476838, [(1991, 32.35342465753425, 140.3178082191781)]
USC00476859, [(1991, -15.286501377410469, 107.24033149171271)]
USC00477132, [(1991, 11.131506849315068, 122.23287671232876)]
USC00477174, [(1991, 14.387464387464387, 136.26495726495727)]
USC00477708, [(1991, 8.994520547945205, 124.9068493150685)]
USC00478110, [(1991, 1.0465753424657533, 114.8054794520548)]
USC00480027, [(1991, -43.00576368876081, 124.59942363112393)]
USC00480270, [(1991, 2.83013698630137, 157.8489010989011)]
USC00480540, [(1991, -1.1835616438356165, 152.72876712328767)]
USC00481284, [(1991, -8.695364238410596, 147.93729372937293)]
USC00481905, [(1991, 24.085164835164836, 160.0631868131868)]
USC00482466, [(1991, -3.2869318181818183, 163.66949152542372)]
USC00482580, [(1991, -0.2493150684931507, 150.88219178082193)]
USC00482595, [(1991, -8.493939393939394, 150.6939393939394)]
USC00482715, [(1991, -95.66666666666667, 13.708333333333334)]
USC00483045, [(1991, -31.96712328767123, 126.01095890410959)]
USC00483801, [(1991, 11.44807121661721, 130.9673590504451)]
USC00484065, [(1991, -34.13186813186813, 145.49175824175825)]
USC00489615, [(1991, 19.435616438356163, 177.23561643835617)]
USC00501240, [(1991, 0.7743732590529248, 62.50139275766017)]
USC00501492, [(1991, -134.2579185520362, 14.8)]
USC00502173, [(1991, 26.087912087912088, 86.98351648351648)]
USC00502227, [(1991, 54.1, 109.80869565217391)]
USC00502587, [(1991, 7.8171745152354575, 76.79501385041551)]
USC00502707, [(1991, -72.36164383561643, 36.66027397260274)]
USC00505881, [(1991, -55.42489270386266, 56.24786324786325)]
USC00506853, [(1991, 11.982808022922637, 68.69714285714285)]
USC00507513, [(1991, -93.96164383561644, 18.523287671232875)]
USC00507738, [(1991, 16.150568181818183, 71.39204545454545)]
USC00508107, [(1991, -66.90449438202248, 5.426966292134831)]
USC00509385, [(1991, -84.75068493150685, 36.465753424657535)]
USC00509790, [(1991, -51.99449035812672, 61.137741046831955)]
USC00509919, [(1991, 35.83379501385041, 100.35082872928177)]
USC00512679, [(1991, 180.712, 258.51209677419354)]
USC00512751, [(1991, 167.50212765957446, 259.0085106382979)]
USC00515004, [(1991, 126.06575342465753, 218.75342465753425)]
USC00516546, [(1991, 142.0055096418733, 237.66391184573004)]
USC00516588, [(1991, 189.5686274509804, 263.62745098039215)]
USC00517131, [(1991, 197.3899721448468, 262.6117318435754)]
USC00518652, [(1991, 145.35890410958905, 247.07671232876712)]
USC00519603, [(1991, 196.77134986225894, 286.92561983471074)]
USR0000ABEV, [(1991, -15.825581395348838, 117.27906976744185)]
USR0000ABRO, [(1991, 59.320754716981135, 155.11949685534591)]
USR0000ACOT, [(1991, -17.294736842105262, 113.93684210526315)]
USR0000AKAK, [(1991, 24.535911602209946, 89.79005524861878)]
USR0000BIGI, [(1991, 39.83561643835616, 149.53972602739725)]
USR0000BLAC, [(1991, 33.28767123287671, 157.95068493150686)]
USR0000CART, [(1991, 79.3623188405797, 229.81159420289856)]
USR0000CCOR, [(1991, 71.69461077844312, 189.64670658682635)]
USR0000CCRO, [(1991, 29.770642201834864, 249.70642201834863)]
USR0000CCST, [(1991, 91.21978021978022, 231.26739926739927)]
USR0000CGRE, [(1991, 37.362385321100916, 161.55504587155963)]
USR0000CHUM, [(1991, 13.25, 137.85185185185185)]
USR0000CJAY, [(1991, 35.131506849315066, 196.6904109589041)]
USR0000CKET, [(1991, 136.32054794520548, 238.413698630137)]
USR0000CLAB, [(1991, 99.14179104477611, 196.86567164179104)]
USR0000CLGE, [(1991, -28.604444444444443, 170.5688888888889)]
USR0000CLST, [(1991, 35.713872832369944, 238.56069364161849)]
USR0000CPIE, [(1991, 62.64734299516908, 307.58937198067633)]
USR0000CPIN, [(1991, 5.863013698630137, 141.85753424657534)]
USR0000CRAN, [(1991, 26.28374655647383, 149.06611570247935)]
USR0000CROU, [(1991, 49.689189189189186, 157.23648648648648)]
USR0000CSNR, [(1991, 56.6025641025641, 131.96153846153845)]
USR0000DIAM, [(1991, 1.2777777777777777, 109.325)]
USR0000IDER, [(1991, 41.942465753424656, 133.83561643835617)]
USR0000IPCN, [(1991, 15.31129476584022, 104.92561983471074)]
USR0000IPOB, [(1991, 6.632876712328767, 148.86301369863014)]
USR0000IPOT, [(1991, 34.47014925373134, 180.5)]
USR0000JENS, [(1991, 30.28374655647383, 236.5206611570248)]
USR0000MWOL, [(1991, 25.016483516483518, 123.5521978021978)]
USR0000MZOR, [(1991, 21.421917808219177, 123.82191780821918)]
USR0000NCYC, [(1991, 56.04657534246575, 171.1013698630137)]
USR0000NFIS, [(1991, -6.233983286908078, 190.1225626740947)]
USR0000NMOR, [(1991, 46.24657534246575, 170.7041095890411)]
USR0000NPAH, [(1991, 91.86263736263736, 277.6840659340659)]
USR0000OCOF, [(1991, -21.332417582417584, 163.71978021978023)]
USR0000OGER, [(1991, 1.781512605042017, 157.890756302521)]
USR0000OHAR, [(1991, 43.05194805194805, 122.6103896103896)]
USR0000OHOY, [(1991, -34.608219178082194, 155.55616438356165)]
USR0000OILL, [(1991, 34.122093023255815, 298.5406976744186)]
USR0000OMUT, [(1991, -17.27027027027027, 37.62162162162162)]
USR0000OOWY, [(1991, 42.78611111111111, 141.15555555555557)]
USR0000OPOW, [(1991, 59.64542936288089, 188.0803324099723)]
USR0000OQUA, [(1991, 60.835260115606935, 161.21676300578034)]
USR0000ORAT, [(1991, 35.57260273972603, 165.23287671232876)]
USR0000ORED, [(1991, 2.3589041095890413, 151.86575342465753)]
USR0000ORYE, [(1991, 46.62222222222222, 240.83055555555555)]
USR0000OSQU, [(1991, 48.71780821917808, 122.38356164383562)]
USR0000OSTR, [(1991, 6.423487544483986, 146.644128113879)]
USR0000OTAF, [(1991, 55.73150684931507, 165.47397260273974)]
USR0000OTUP, [(1991, 41.61682242990654, 202.2803738317757)]
USR0000OZIM, [(1991, 15.509859154929577, 175.23098591549297)]
USR0000SCAM, [(1991, 3.558904109589041, 148.4794520547945)]
USR0000WBUH, [(1991, -38.82967032967033, 93.9478021978022)]
USR0000WEFK, [(1991, -15.126027397260273, 108.74246575342465)]
USS0003E03S, [(1991, -35.83287671232877, 101.32054794520548)]
USS0005G05S, [(1991, -34.83561643835616, 110.34246575342466)]
USS0005M08S, [(1991, -44.654794520547945, 90.62465753424658)]
USS0005M14S, [(1991, -49.03305785123967, 99.50137741046832)]
USS0005N16S, [(1991, -126.80115273775216, -7.674351585014409)]
USS0006J01S, [(1991, -34.78356164383562, 129.61917808219178)]
USS0006K24S, [(1991, -78.83287671232877, 85.7041095890411)]
USS0006K30S, [(1991, -119.02150537634408, 34.053763440860216)]
USS0006K39S, [(1991, -39.465753424657535, 73.97808219178083)]
USS0006L11S, [(1991, -51.397260273972606, 69.91506849315068)]
USS0006P10S, [(1991, -40.24657534246575, 137.13150684931506)]
USS0007F01S, [(1991, -29.15068493150685, 67.94794520547946)]
USS0007H05S, [(1991, -21.662087912087912, 87.71153846153847)]
USS0007K02S, [(1991, -49.4010989010989, 95.13736263736264)]
USS0007M12S, [(1991, -81.58630136986301, 104.52602739726028)]
USS0007M27S, [(1991, -107.67032967032966, 49.07142857142857)]
USS0007M33S, [(1991, -68.04657534246576, 77.4876712328767)]
USS0008S08S, [(1991, 4.6401098901098905, 99.35164835164835)]
USS0008T01S, [(1991, 19.75659824046921, 140.36070381231673)]
USS0009F08S, [(1991, -70.92602739726027, 66.57260273972602)]
USS0009S07S, [(1991, -28.30958904109589, 148.8082191780822)]
USS0010E17S, [(1991, -68.04945054945055, 54.76648351648352)]
USS0010F19S, [(1991, -90.46285714285715, 96.44285714285714)]
USS0010G12S, [(1991, -107.27472527472527, 16.52747252747253)]
USS0010J18S, [(1991, -61.24657534246575, 79.72328767123288)]
USS0010J30S, [(1991, -87.80428134556576, 72.86750788643533)]
USS0011D08S, [(1991, -48.104109589041094, 59.295890410958904)]
USS0011E37S, [(1991, -9.48876404494382, 86.43539325842697)]
USS0011G05S, [(1991, -36.00275482093664, 98.52617079889806)]
USS0011G32S, [(1991, -41.58082191780822, 106.5041095890411)]
USS0011H55S, [(1991, -23.752777777777776, 82.64166666666667)]
USS0011J02S, [(1991, -18.117808219178084, 111.88219178082191)]
USS0011J23S, [(1991, -44.98033707865169, 114.23033707865169)]
USS0011J65S, [(1991, -7.9375, 91.74074074074075)]
USS0011K31S, [(1991, -45.00821917808219, 101.1917808219178)]
USS0011K52S, [(1991, 0.0, 0.0)]
USS0011L12S, [(1991, -68.1041095890411, 114.58904109589041)]
USS0012C11S, [(1991, -47.035616438356165, 48.961643835616435)]
USS0012M13S, [(1991, -60.08781869688385, 82.71388101983003)]
USS0013A15S, [(1991, -36.41917808219178, 60.63013698630137)]
USS0013C31S, [(1991, -27.4986301369863, 80.34246575342466)]
USS0014A14S, [(1991, 51.36164383561644, 59.84276729559748)]
USS0014G02S, [(1991, -15.25, 107.01648351648352)]
USS0015B09S, [(1991, -5.302197802197802, 68.81593406593407)]
USS0015B21S, [(1991, -5.022160664819944, 95.03601108033241)]
USS0015F14S, [(1991, -68.83102493074792, 140.146408839779)]
USS0015H03S, [(1991, -16.12876712328767, 109.36164383561643)]
USS0015H24S, [(1991, -17.720547945205478, 113.48219178082192)]
USS0016B14S, [(1991, 3.3057851239669422, 107.26997245179064)]
USS0016C01S, [(1991, -4.377410468319559, 118.53994490358127)]
USS0016E05S, [(1991, -34.05915492957747, 111.74425287356321)]
USS0016E11S, [(1991, -47.421652421652425, 100.67236467236468)]
USS0016H02S, [(1991, -5.179190751445087, 115.60404624277457)]
USS0017D02S, [(1991, -51.28219178082192, 77.96438356164384)]
USS0018E03S, [(1991, -34.91135734072022, 111.5983379501385)]
USS0018E18S, [(1991, -34.295890410958904, 123.63013698630137)]
USS0019L07S, [(1991, -22.99145299145299, 108.07977207977208)]
USS0019L13S, [(1991, -98.2892561983471, 2.278236914600551)]
USS0019L40S, [(1991, -17.947945205479453, 114.95342465753424)]
USS0020G02S, [(1991, -21.60220994475138, 102.45479452054795)]
USS0021B42S, [(1991, 18.024657534246575, 103.11232876712329)]
USS0021C17S, [(1991, -21.931506849315067, 80.57534246575342)]
USS0021C38S, [(1991, 0.5917808219178082, 97.04931506849314)]
USS0021D04S, [(1991, 13.432876712328767, 105.69315068493151)]
USS0021E06S, [(1991, -1.917808219178082, 114.32602739726028)]
USS0022G21S, [(1991, 18.82191780821918, 98.74520547945205)]
USS0023D02S, [(1991, 48.07123287671233, 129.8931506849315)]
USW00003866, [(1991, 137.15342465753426, 261.13698630136986)]
USW00003872, [(1991, 71.14794520547945, 177.6164383561644)]
USW00003947, [(1991, 73.4931506849315, 189.70958904109588)]
USW00012815, [(1991, 182.04109589041096, 285.1835616438356)]
USW00012836, [(1991, 235.47671232876712, 291.6849315068493)]
USW00012842, [(1991, 184.56164383561645, 286.0191780821918)]
USW00012917, [(1991, 161.0986301369863, 257.6465753424658)]
USW00012944, [(1991, 190.75616438356164, 240.8986301369863)]
USW00012959, [(1991, 191.7335164835165, 296.989010989011)]
USW00013733, [(1991, 89.74520547945205, 207.21917808219177)]
USW00013748, [(1991, 129.62191780821917, 241.7972602739726)]
USW00013754, [(1991, 133.64931506849314, 237.33150684931508)]
USW00013769, [(1991, 121.67307692307692, 219.07692307692307)]
USW00013781, [(1991, 84.57534246575342, 191.72054794520548)]
USW00013877, [(1991, 82.83287671232877, 203.86027397260273)]
USW00013883, [(1991, 121.04383561643836, 248.83561643835617)]
USW00013958, [(1991, 150.66575342465754, 260.31780821917806)]
USW00013964, [(1991, 106.68219178082192, 228.5808219178082)]
USW00013970, [(1991, 149.92328767123288, 260.6849315068493)]
USW00013985, [(1991, 67.27123287671233, 210.74246575342465)]
USW00013991, [(1991, 69.12707182320442, 187.71506849315068)]
USW00014711, [(1991, 26.467391304347824, 125.41304347826087)]
USW00014732, [(1991, 103.72602739726027, 184.9753424657534)]
USW00014768, [(1991, 49.11232876712329, 150.7068493150685)]
USW00014780, [(1991, 85.99549549549549, 213.64414414414415)]
USW00014828, [(1991, 20.863013698630137, 146.37808219178083)]
USW00014840, [(1991, 49.42191780821918, 146.5150684931507)]
USW00014855, [(1991, 58.93698630136986, 159.14246575342466)]
USW00014897, [(1991, 12.857534246575343, 118.30684931506849)]
USW00014936, [(1991, 21.96164383561644, 151.46301369863014)]
USW00014942, [(1991, 47.42739726027397, 171.28493150684932)]
USW00014990, [(1991, 42.93698630136986, 155.75342465753425)]
USW00022514, [(1991, 208.54794520547946, 314.68219178082194)]
USW00023054, [(1991, 14.017241379310345, 179.8505747126437)]
USW00023081, [(1991, -3.493150684931507, 179.66027397260274)]
USW00023129, [(1991, 126.08493150684932, 233.6054794520548)]
USW00023156, [(1991, 84.8778409090909, 254.8409090909091)]
USW00023162, [(1991, 9.517808219178082, 176.6876712328767)]
USW00023177, [(1991, 0.810958904109589, 179.17808219178082)]
USW00023183, [(1991, 175.26301369863015, 303.64931506849314)]
USW00023237, [(1991, 98.40547945205479, 235.73150684931508)]
USW00023258, [(1991, 106.84931506849315, 236.19452054794522)]
USW00024011, [(1991, 2.5452054794520547, 137.86849315068494)]
USW00024032, [(1991, 12.843835616438357, 171.65479452054794)]
USW00024089, [(1991, 7.734246575342466, 155.16438356164383)]
USW00024128, [(1991, 2.7643835616438355, 186.47671232876712)]
USW00024149, [(1991, 58.02739726027397, 176.46027397260275)]
USW00024155, [(1991, 52.11780821917808, 167.54246575342466)]
USW00024221, [(1991, 57.72054794520548, 174.14794520547946)]
USW00024257, [(1991, 92.21917808219177, 249.36712328767123)]
USW00024284, [(1991, 72.12602739726027, 154.13424657534247)]
USW00025322, [(1991, 12.0, 77.14814814814815)]
USW00026438, [(1991, 27.087087087087088, 75.88288288288288)]
USW00026510, [(1991, -78.36712328767123, 31.21095890410959)]
USW00026627, [(1991, -58.2625, 31.158333333333335)]
USW00093026, [(1991, 73.31232876712329, 257.6986301369863)]
USW00093107, [(1991, 121.16712328767123, 234.17534246575343)]
USW00093134, [(1991, 137.53424657534248, 238.26301369863015)]
USW00093140, [(1991, 170.46778711484595, 301.0700280112045)]
USW00093209, [(1991, 62.26849315068493, 250.32876712328766)]
USW00093824, [(1991, 69.07671232876713, 182.67945205479452)]
USW00093839, [(1991, 123.14246575342466, 227.72328767123287)]
USW00093989, [(1991, 70.94505494505495, 172.53698630136986)]
USW00094790, [(1991, 24.350684931506848, 140.17534246575343)]
USW00094823, [(1991, 68.69041095890411, 179.58356164383562)]
USW00094850, [(1991, -7.2465753424657535, 104.40821917808219)]
USW00094910, [(1991, 31.904109589041095, 144.81095890410958)]
USW00094931, [(1991, -25.824657534246576, 93.58356164383562)]
USW00094967, [(1991, -8.397260273972602, 114.35068493150685)]
UVM00065505, [(1991, 228.33663366336634, 357.7351598173516)]
UY000086490, [(1991, 114.8, 231.06575342465754)]
UY000086565, [(1991, 118.25479452054795, 215.74380165289256)]
UZM00038396, [(1991, 73.16438356164383, 197.8216374269006)]
UZM00038462, [(1991, 39.782051282051285, 159.66666666666666)]
UZM00038579, [(1991, 91.51383399209486, 204.29538461538462)]
UZM00038618, [(1991, 86.9068493150685, 200.57534246575344)]
VE000080423, [(1991, 233.61495844875347, 320.3868194842407)]
VE000080438, [(1991, 159.42582417582418, 250.3489010989011)]
VE000080450, [(1991, 236.15342465753426, 329.9698630136986)]
VEM00080444, [(1991, 240.7909604519774, 329.32335329341316)]
VMM00048820, [(1991, 219.60416666666666, 282.60091743119267)]
VQC00670480, [(1991, 219.4047619047619, 304.1857142857143)]
VQC00671980, [(1991, 212.4523076923077, 289.6411042944785)]
VQW00011640, [(1991, 238.55096418732782, 315.1401098901099)]
WA010517310, [(1991, 54.0, 284.0)]
WIM00060096, [(1991, 169.61065573770492, 234.97058823529412)]
ZAM00067663, [(1991, 139.09375, 277.32307692307694)]
