AEM00041194, [(1991, 212.17094017094018, 326.78662420382165)]
AG000060611, [(1991, 143.0054794520548, 293.3205479452055)]
AG000060680, [(1991, 147.6109589041096, 286.5342465753425)]
AGM00060360, [(1991, 122.2589641434263, 230.20634920634922)]
AGM00060630, [(1991, 185.91780821917808, 337.3848920863309)]
AJ000037740, [(1991, 92.69791666666667, 179.59638554216866)]
AJ000037749, [(1991, 114.25742574257426, 218.0593220338983)]
AJ000037899, [(1991, 68.275, 152.16326530612244)]
AJ000037923, [(1991, 170.36363636363637, 249.88888888888889)]
AM000037686, [(1991, 12.394520547945206, 129.22739726027396)]
AM000037704, [(1991, 33.65, 157.9056603773585)]
AM000037719, [(1991, -18.790697674418606, 92.42857142857143)]
ARM00087311, [(1991, 98.2258064516129, 266.1925465838509)]
ARM00087395, [(1991, 131.72908366533864, 264.6875)]
ARM00087497, [(1991, 123.92553191489361, 254.6103896103896)]
ARM00087509, [(1991, 82.45392491467577, 243.8)]
ARM00087563, [(1991, 84.94117647058823, 211.07692307692307)]
ARM00087896, [(1991, 37.669064748201436, 148.75324675324674)]
ASN00001025, [(1991, 182.6951566951567, 334.29378531073445)]
ASN00004043, [(1991, 199.61812297734627, 343.46774193548384)]
ASN00005084, [(1991, 68.85135135135135, 289.6609195402299)]
ASN00007178, [(1991, 197.2876712328767, 342.47123287671235)]
ASN00009053, [(1991, 121.01063829787235, 244.9255319148936)]
ASN00009197, [(1991, 135.91946308724832, 211.85333333333332)]
ASN00009581, [(1991, 103.7406340057637, 203.25)]
ASN00009887, [(1991, 130.2556818181818, 239.8988764044944)]
ASN00010058, [(1991, 100.77272727272727, 230.7032967032967)]
ASN00010592, [(1991, 107.93698630136986, 237.38630136986302)]
ASN00012305, [(1991, 140.16260162601625, 283.7826086956522)]
ASN00013007, [(1991, 192.01453488372093, 343.9447513812155)]
ASN00014198, [(1991, 229.94642857142858, 355.2597402597403)]
ASN00014507, [(1991, 225.72641509433961, 316.6961651917404)]
ASN00014825, [(1991, 201.0924092409241, 346.0065573770492)]
ASN00015548, [(1991, 158.92602739726027, 342.4054794520548)]
ASN00015635, [(1991, 123.07103825136612, 306.0391061452514)]
ASN00018044, [(1991, 100.6082191780822, 257.986301369863)]
ASN00018110, [(1991, 98.22222222222223, 269.487106017192)]
ASN00023321, [(1991, 92.03561643835616, 213.50138504155126)]
ASN00023801, [(1991, 97.53972602739726, 190.9808219178082)]
ASN00023816, [(1991, 104.91335740072202, 186.58695652173913)]
ASN00024518, [(1991, 108.36184210526316, 210.76973684210526)]
ASN00026021, [(1991, 84.63013698630137, 190.2219178082192)]
ASN00026036, [(1991, 85.21768707482993, 205.16438356164383)]
ASN00028007, [(1991, 203.1184210526316, 355.86842105263156)]
ASN00029012, [(1991, 201.66381766381767, 335.79545454545456)]
ASN00031037, [(1991, 234.00831024930747, 294.66759776536315)]
ASN00032078, [(1991, 187.72527472527472, 295.35714285714283)]
ASN00035027, [(1991, 161.6876712328767, 304.9945205479452)]
ASN00035069, [(1991, 128.37534246575342, 296.8684931506849)]
ASN00036026, [(1991, 148.97211155378486, 319.7710843373494)]
ASN00037010, [(1991, 177.625, 333.14088397790056)]
ASN00038003, [(1991, 171.2335164835165, 318.4164305949009)]
ASN00038024, [(1991, 154.91780821917808, 314.372602739726)]
ASN00039059, [(1991, 209.63400576368875, 262.11206896551727)]
ASN00039104, [(1991, 130.69230769230768, 282.10164835164835)]
ASN00039314, [(1991, 187.7130177514793, 255.48396501457725)]
ASN00040040, [(1991, 169.31014492753624, 237.6821917808219)]
ASN00040082, [(1991, 134.0560224089636, 280.8994413407821)]
ASN00040100, [(1991, 136.3577981651376, 278.9078341013825)]
ASN00040190, [(1991, 158.37396121883657, 260.69529085872574)]
ASN00040223, [(1991, 155.02191780821917, 258.2986301369863)]
ASN00040265, [(1991, 142.86574074074073, 256.28837209302327)]
ASN00045017, [(1991, 147.6931506849315, 296.27671232876713)]
ASN00046037, [(1991, 146.52602739726026, 284.7369863013699)]
ASN00046043, [(1991, 127.8172757475083, 273.3805031446541)]
ASN00055049, [(1991, 92.12637362637362, 249.6043956043956)]
ASN00055136, [(1991, 48.156164383561645, 204.53150684931506)]
ASN00057095, [(1991, 128.14835164835165, 234.0989010989011)]
ASN00059030, [(1991, 161.8388888888889, 243.37260273972603)]
ASN00061055, [(1991, 149.9808219178082, 222.15469613259668)]
ASN00061223, [(1991, 143.8870523415978, 237.18457300275483)]
ASN00061250, [(1991, 122.59504132231405, 253.17857142857142)]
ASN00063005, [(1991, 69.37808219178082, 205.3123287671233)]
ASN00063053, [(1991, 70.02314814814815, 185.8287037037037)]
ASN00068102, [(1991, 86.08516483516483, 189.71625344352617)]
ASN00068192, [(1991, 106.95428571428572, 242.8034188034188)]
ASN00071072, [(1991, -2.0388349514563107, 94.92786885245901)]
ASN00072023, [(1991, 106.15342465753425, 217.95890410958904)]
ASN00072146, [(1991, 86.95290858725762, 222.28614457831324)]
ASN00075041, [(1991, 96.06521739130434, 234.41758241758242)]
ASN00080015, [(1991, 87.46978021978022, 222.56712328767122)]
ASN00082076, [(1991, 75.69315068493151, 203.65205479452055)]
ASN00085106, [(1991, 71.40223463687151, 176.08938547486034)]
ASN00085277, [(1991, 72.22465753424657, 186.65205479452055)]
ASN00085283, [(1991, 90.27348066298343, 184.94198895027625)]
ASN00086282, [(1991, 94.8072625698324, 194.8082191780822)]
ASN00088043, [(1991, 79.44657534246575, 202.67945205479452)]
ASN00090176, [(1991, 70.53012048192771, 184.044776119403)]
ASN00091112, [(1991, 77.9010989010989, 174.82417582417582)]
ASN00092003, [(1991, 93.0986301369863, 178.78082191780823)]
ASN00092045, [(1991, 101.55211267605634, 174.36666666666667)]
ASN00094166, [(1991, 90.43037974683544, 181.9746835443038)]
ASN00097034, [(1991, 55.657534246575345, 156.71349862258953)]
ASN00097082, [(1991, 108.6842105263158, 192.0)]
ASN00099005, [(1991, 99.26170798898072, 175.61369863013698)]
AU000011801, [(1991, 44.61095890410959, 148.9917808219178)]
AYM00088963, [(1991, -94.30681818181819, -14.184834123222748)]
AYM00089056, [(1991, -56.955631399317404, -2.222689075630252)]
AYM00089062, [(1991, -72.11111111111111, -19.727272727272727)]
AYM00089251, [(1991, -59.25, 15.666666666666666)]
AYM00089542, [(1991, -127.3963133640553, -73.14615384615385)]
AYW00090001, [(1991, -521.0714285714286, -458.0934065934066)]
BC005847300, [(1991, 138.9, 295.021897810219)]
BDM00078016, [(1991, 207.8379120879121, 257.14835164835165)]
BL000085041, [(1991, 196.83219178082192, 309.3297491039427)]
BL000085230, [(1991, -21.58823529411765, 186.0785123966942)]
BLM00085245, [(1991, 199.91970802919707, 294.7190635451505)]
BLM00085293, [(1991, -1.5676855895196506, 158.34146341463415)]
BNM00065338, [(1991, 228.88446215139442, 326.47033898305085)]
BOM00026706, [(1991, 40.4986301369863, 120.0)]
BOM00033036, [(1991, 31.665413533834588, 127.646875)]
BR000249000, [(1991, 226.0, None)]
BR001248000, [(1991, None, 322.0)]
BR001957002, [(1991, 213.27358490566039, 327.6101694915254)]
BR002145002, [(1991, 142.0, 266.5)]
BR002450000, [(1991, 97.0, None)]
BR002549075, [(1991, 133.66666666666666, 251.5)]
BR037041370, [(1991, 237.61632653061224, 348.4647058823529)]
BR037897030, [(1991, 201.4, 330.6)]
BR038192160, [(1991, 242.0, 308.0)]
BRM00082336, [(1991, None, 369.0)]
BRM00083587, [(1991, 178.44099378881987, 276.5769230769231)]
BRM00083611, [(1991, 163.33333333333334, 317.0)]
BRM00083836, [(1991, 70.5, None)]
BUM00015730, [(1991, 61.88673139158576, 172.0512048192771)]
CA001011500, [(1991, 86.19565217391305, 160.625)]
CA001012040, [(1991, 54.421487603305785, 143.5205479452055)]
CA001012055, [(1991, 52.014084507042256, 147.93539325842696)]
CA001021838, [(1991, 56.71875, 138.0142857142857)]
CA001021850, [(1991, 34.354395604395606, 141.4794520547945)]
CA001021988, [(1991, 60.233333333333334, 139.71246006389777)]
CA001025915, [(1991, 48.67088607594937, 135.52215189873417)]
CA001026170, [(1991, 67.06849315068493, 108.3972602739726)]
CA001032731, [(1991, 64.36734693877551, 120.78082191780823)]
CA001035614, [(1991, 73.31506849315069, 126.71232876712328)]
CA001036208, [(1991, 47.957142857142856, 148.33333333333334)]
CA001047671, [(1991, 52.870879120879124, 142.75342465753425)]
CA001063298, [(1991, 62.32876712328767, 103.57534246575342)]
CA001064321, [(1991, 41.28012048192771, 112.37237237237237)]
CA001070573, [(1991, -2.191780821917808, 86.82191780821918)]
CA001073L4F, [(1991, -30.057803468208093, 89.0111111111111)]
CA001086695, [(1991, -43.79598662207358, 128.91666666666666)]
CA001091174, [(1991, -40.986301369863014, 101.07692307692308)]
CA001094456, [(1991, -32.3489010989011, 108.23287671232876)]
CA001096601, [(1991, -6.641873278236915, 117.6988950276243)]
CA001098D90, [(1991, -13.136986301369863, 107.87671232876713)]
CA001100120, [(1991, 66.54794520547945, 149.56164383561645)]
CA001101155, [(1991, 74.0958904109589, 145.3601108033241)]
CA001101200, [(1991, 70.74229691876751, 139.4568245125348)]
CA001101N65, [(1991, 49.52054794520548, 136.94520547945206)]
CA001102220, [(1991, 65.0657894736842, 159.94094488188978)]
CA001103342, [(1991, 72.05705705705705, 155.91867469879517)]
CA001103510, [(1991, 21.99724517906336, 82.87087912087912)]
CA001104902, [(1991, 58.56164383561644, 164.0)]
CA00110FK0M, [(1991, 78.87005649717514, 140.6980056980057)]
CA001114622, [(1991, 52.56317689530686, 172.96028880866427)]
CA001114739, [(1991, 8.824324324324325, 109.04054054054055)]
CA001119002, [(1991, 57.86908077994429, 149.0)]
CA001125707, [(1991, 38.66391184573003, 146.9283746556474)]
CA001126070, [(1991, 59.267955801104975, 143.26446280991735)]
CA001127360, [(1991, 5.357142857142857, 114.10468319559229)]
CA001128584, [(1991, -12.847682119205299, 64.26984126984127)]
CA001145297, [(1991, 28.846575342465755, 127.53150684931506)]
CA001145300, [(1991, 24.28343949044586, 119.98412698412699)]
CA001152653, [(1991, -24.546742209631727, 91.05187319884726)]
CA001152899, [(1991, -50.92032967032967, 52.39554317548747)]
CA001154909, [(1991, -7.986301369863014, 112.27900552486187)]
CA001160483, [(1991, 19.575342465753426, 130.50824175824175)]
CA001161F55, [(1991, 4.668674698795181, 121.62162162162163)]
CA001162265, [(1991, 18.15068493150685, 125.65753424657534)]
CA001164830, [(1991, 23.643835616438356, 130.6868131868132)]
CA001170R01, [(1991, -41.20879120879121, 82.92582417582418)]
CA001186A71, [(1991, -20.64814814814815, 91.11607142857143)]
CA001192946, [(1991, -63.26923076923077, 71.53191489361703)]
CA001195J29, [(1991, -99.81481481481481, 19.421641791044777)]
CA001197860, [(1991, -142.10526315789474, -46.40350877192982)]
CA002100182, [(1991, -103.24929971988796, 31.01108033240997)]
CA002100200, [(1991, -70.7258064516129, 53.36144578313253)]
CA002200100, [(1991, -134.6159169550173, -57.95666666666666)]
CA002202200, [(1991, -80.36164383561643, 36.58082191780822)]
CA002203910, [(1991, -136.84657534246574, -64.27374301675978)]
CA002204300, [(1991, -168.3030303030303, -75.25806451612904)]
CA002300MKF, [(1991, -158.98791540785498, -85.67073170731707)]
CA002400800, [(1991, -163.87671232876713, -85.05479452054794)]
CA002402543, [(1991, -169.0857142857143, -107.22063037249283)]
CA002403500, [(1991, -192.03561643835616, -132.3068493150685)]
CA002403854, [(1991, -182.13333333333333, -114.15977961432507)]
CA003011848, [(1991, -16.94610778443114, 108.58630952380952)]
CA003011854, [(1991, -16.657381615598887, 95.10893854748603)]
CA003014995, [(1991, -32.19178082191781, 92.16438356164383)]
CA003015799, [(1991, -137.08333333333334, -30.6)]
CA003023971, [(1991, -9.706896551724139, 107.74834437086092)]
CA003025441, [(1991, -17.289693593314762, 103.46666666666667)]
CA003033880, [(1991, 0.005479452054794521, 131.56712328767122)]
CA003034480, [(1991, -0.024657534246575342, 129.27945205479452)]
CA0030506GN, [(1991, -25.85989010989011, 98.06983240223464)]
CA003052780, [(1991, -60.46537396121884, 99.97206703910615)]
CA003055120, [(1991, -43.1267217630854, 103.9196675900277)]
CA003062905, [(1991, 81.44067796610169, 215.54621848739495)]
CA003063526, [(1991, -16.0625, 74.76190476190476)]
CA003064240, [(1991, 51.328125, 156.796875)]
CA003064300, [(1991, 75.26717557251908, 182.5185185185185)]
CA003066001, [(1991, -28.471232876712328, 84.25479452054795)]
CA003066280, [(1991, 63.333333333333336, 167.58389261744966)]
CA00306KFE3, [(1991, -44.38040345821326, 96.60404624277457)]
CA003071965, [(1991, 71.88311688311688, 192.82894736842104)]
CA003072970, [(1991, -19.758308157099698, 112.12990936555892)]
CA003073585, [(1991, 62.12903225806452, 166.03896103896105)]
CA003074983, [(1991, 86.32, 204.08)]
CA003075040, [(1991, -39.057534246575344, 82.88767123287671)]
CA003075940, [(1991, 61.80451127819549, 162.18045112781954)]
CA003076108, [(1991, 72.97029702970298, 187.02970297029702)]
CA004014322, [(1991, -37.837465564738295, 79.03846153846153)]
CA004015045, [(1991, -20.0, 89.43681318681318)]
CA004015870, [(1991, -27.3159509202454, 73.7874251497006)]
CA004016842, [(1991, -19.943342776203966, 90.56179775280899)]
CA004019035, [(1991, -23.50609756097561, 84.05932203389831)]
CA004020160, [(1991, -8.571428571428571, 115.28846153846153)]
CA004024936, [(1991, -3.3043478260869565, 128.65714285714284)]
CA004026040, [(1991, -1.8529411764705883, 116.97976878612717)]
CA004026847, [(1991, -13.527777777777779, 100.56338028169014)]
CA004032766, [(1991, -11.685878962536023, 120.84507042253522)]
CA004038400, [(1991, -10.082781456953642, 116.89393939393939)]
CA004041088, [(1991, -28.353658536585368, 90.13432835820896)]
CA004046977, [(1991, -31.829971181556196, 90.66481994459834)]
CA004047238, [(1991, -27.55485893416928, 92.59554140127389)]
CA004050037, [(1991, 50.19047619047619, 201.08695652173913)]
CA004057180, [(1991, -22.349570200573066, 94.07303370786516)]
CA004058728, [(1991, -47.324929971988794, 74.44598337950139)]
CA004065058, [(1991, -58.465753424657535, 78.56712328767124)]
CA004080250, [(1991, -47.71844660194175, 81.30030959752322)]
CA00502254Q, [(1991, -30.045180722891565, 86.30813953488372)]
CA005032164, [(1991, -21.982758620689655, 86.16959064327486)]
CA005040120, [(1991, -273.0, -149.66666666666666)]
CA005041140, [(1991, -9.6875, 118.93305439330544)]
CA005042004, [(1991, -24.87323943661972, 86.45533141210375)]
CA005042169, [(1991, -36.44736842105263, 78.71191135734072)]
CA005060520, [(1991, -112.94425087108014, 13.928571428571429)]
CA005062926, [(1991, -84.35158501440922, 33.23691460055097)]
CA006012198, [(1991, -31.041095890410958, 76.41274238227147)]
CA006025203, [(1991, -27.168508287292816, 94.58791208791209)]
CA006027825, [(1991, -29.347826086956523, 96.73809523809524)]
CA00602FQ5L, [(1991, -30.583941605839417, 68.83211678832117)]
CA006049095, [(1991, -56.270270270270274, 91.2)]
CA006055302, [(1991, -71.88741721854305, 47.615894039735096)]
CA006071712, [(1991, -49.94475138121547, 80.16438356164383)]
CA006072225, [(1991, -29.545205479452054, 93.93150684931507)]
CA006107955, [(1991, 19.698630136986303, 127.57534246575342)]
CA006119274, [(1991, 36.104294478527606, 123.71913580246914)]
CA00611HBEC, [(1991, 33.12154696132597, 122.14088397790056)]
CA006120819, [(1991, 36.05571847507331, 126.66666666666667)]
CA006122370, [(1991, 43.91364902506964, 131.96927374301677)]
CA006126210, [(1991, 28.671641791044777, 132.1044776119403)]
CA006131415, [(1991, 75.04504504504504, 167.09580838323353)]
CA006132090, [(1991, 50.05524861878453, 147.66106442577032)]
CA006134190, [(1991, 65.89887640449439, 143.14606741573033)]
CA006135657, [(1991, 50.79365079365079, 152.796875)]
CA006141933, [(1991, 44.83516483516483, 135.76923076923077)]
CA006142803, [(1991, 29.421487603305785, 122.46556473829202)]
CA006147693, [(1991, 22.674418604651162, 123.6376811594203)]
CA006150816, [(1991, 44.95639534883721, 139.4331395348837)]
CA006151689, [(1991, 43.89196675900277, 127.15469613259668)]
CA006155097, [(1991, 44.629120879120876, 142.9281767955801)]
CA006165195, [(1991, 1.925207756232687, 125.32876712328768)]
CA007017000, [(1991, -214.83870967741936, -88.06451612903226)]
CA007017435, [(1991, -185.3448275862069, -74.16666666666667)]
CA007017585, [(1991, -8.267605633802816, 104.46478873239437)]
CA007020567, [(1991, -4.166666666666667, 108.81231671554252)]
CA007020885, [(1991, -168.70967741935485, -58.064516129032256)]
CA007024440, [(1991, 12.611731843575418, 108.91184573002755)]
CA007024920, [(1991, -10.494505494505495, 95.51104972375691)]
CA007025250, [(1991, 22.416438356164385, 120.7013698630137)]
CA007025670, [(1991, -170.16129032258064, -64.35483870967742)]
CA007025745, [(1991, 22.561643835616437, 125.12637362637362)]
CA007027200, [(1991, -13.581267217630854, 101.06575342465753)]
CA007027302, [(1991, 9.930747922437673, 121.2534435261708)]
CA007027656, [(1991, -15.242857142857142, 89.28977272727273)]
CA007027785, [(1991, -14.002754820936639, 89.82142857142857)]
CA007028676, [(1991, -6.069444444444445, 109.75069252077563)]
CA007028700, [(1991, 23.443526170798897, 118.68595041322314)]
CA007028946, [(1991, -0.014705882352941176, 114.52449567723343)]
CA007030170, [(1991, -6.648199445983379, 115.17955801104972)]
CA007034010, [(1991, -18.76045627376426, 116.53354632587859)]
CA007037400, [(1991, 4.544198895027624, 113.06267806267806)]
CA007042749, [(1991, -34.58092485549133, 75.29394812680115)]
CA007044288, [(1991, -24.123287671232877, 73.71232876712328)]
CA00704GG90, [(1991, -25.74175824175824, 80.91780821917808)]
CA007050MM5, [(1991, -13.522099447513812, 76.93956043956044)]
CA007054095, [(1991, -2.458791208791209, 94.61432506887053)]
CA007055430, [(1991, -230.80645161290323, -102.09677419354838)]
CA007056930, [(1991, -19.778082191780822, 83.94520547945206)]
CA007057269, [(1991, -10.511049723756907, 72.37359550561797)]
CA007057518, [(1991, -22.931506849315067, 99.76712328767124)]
CA00705LG09, [(1991, -26.86813186813187, 81.42465753424658)]
CA007060080, [(1991, -260.0, -143.2258064516129)]
CA007063320, [(1991, -247.58620689655172, -118.5)]
CA007067460, [(1991, -291.93548387096774, -134.67741935483872)]
CA007067658, [(1991, -30.72829131652661, 86.05263157894737)]
CA007080468, [(1991, 3.42032967032967, 108.64383561643835)]
CA007080600, [(1991, -37.81073446327684, 94.57865168539325)]
CA007086630, [(1991, -36.56944444444444, 88.16804407713498)]
CA007090470, [(1991, -41.19834710743802, 82.25895316804407)]
CA007096215, [(1991, -300.96774193548384, -129.19354838709677)]
CA007103282, [(1991, -100.6, -32.205479452054796)]
CA008100200, [(1991, 10.397260273972602, 106.16438356164383)]
CA008100512, [(1991, -12.237569060773481, 102.94198895027624)]
CA008101904, [(1991, -10.89041095890411, 85.46575342465754)]
CA008102234, [(1991, 1.8630136986301369, 122.52054794520548)]
CA008102300, [(1991, -35.49723756906077, 91.7605633802817)]
CA008103800, [(1991, 0.8977900552486188, 116.25207756232687)]
CA008104400, [(1991, -1.1095890410958904, 116.54696132596685)]
CA008105042, [(1991, -30.379310344827587, 122.61818181818182)]
CA008200100, [(1991, 24.273972602739725, 107.5068493150685)]
CA008200940, [(1991, 11.520547945205479, 115.95890410958904)]
CA008203700, [(1991, 10.095890410958905, 110.86301369863014)]
CA008204450, [(1991, -1.5034965034965035, 89.31338028169014)]
CA008204525, [(1991, 24.684931506849313, 114.34246575342466)]
CA008206415, [(1991, 27.45205479452055, 130.31506849315068)]
CA008400QJK, [(1991, -1.8356164383561644, 92.04109589041096)]
CA008401070, [(1991, 3.164383561643836, 80.95890410958904)]
CA008401400, [(1991, -22.052197802197803, 52.83516483516483)]
CA008401550, [(1991, -32.853185595567865, 75.20775623268698)]
CA008402057, [(1991, 0.2932098765432099, 77.95384615384616)]
CA008402078, [(1991, -31.301369863013697, 58.136986301369866)]
CA008402516, [(1991, 12.865013774104684, 72.79329608938548)]
CA008402840, [(1991, 8.053435114503817, 87.98479087452472)]
CA008403008, [(1991, -17.75766016713092, 90.91922005571031)]
CA008403083, [(1991, -2.5616438356164384, 86.18904109589042)]
CA008403617, [(1991, 11.945205479452055, 70.05479452054794)]
CA008403623, [(1991, 7.857142857142857, 87.02064896755162)]
CA008403860, [(1991, 0.5678670360110804, 85.83098591549296)]
CA008404100, [(1991, 0.1917808219178082, 88.24657534246575)]
CA008404310, [(1991, -21.51098901098901, 70.84254143646409)]
CA00840B5HH, [(1991, -2.019774011299435, 81.46974063400576)]
CA00840L0R9, [(1991, -9.723756906077348, 83.20197044334975)]
CA008501132, [(1991, -96.96164383561644, 10.846575342465753)]
CA008502800, [(1991, -91.46849315068494, -1.1972602739726028)]
CF000004402, [(1991, 199.9, 287.37735849056605)]
CF000004450, [(1991, 214.99095022624434, 304.6917808219178)]
CGM00064005, [(1991, 204.14285714285714, 319.0)]
CHM00050756, [(1991, -24.93972602739726, 77.04931506849314)]
CHM00052436, [(1991, 5.534246575342466, 150.2164383561644)]
CHM00052754, [(1991, -60.654794520547945, 74.4876712328767)]
CHM00053192, [(1991, -44.775342465753425, 87.68493150684931)]
CHM00053231, [(1991, 0.5835616438356165, 121.7013698630137)]
CHM00053915, [(1991, 39.63013698630137, 157.51780821917808)]
CHM00054218, [(1991, 21.043835616438358, 141.23013698630137)]
CHM00054374, [(1991, -0.8684931506849315, 121.47123287671234)]
CHM00054497, [(1991, 52.893150684931506, 144.47123287671232)]
CHM00054725, [(1991, 72.05205479452054, 181.42191780821918)]
CHM00056033, [(1991, -88.44931506849315, 43.66027397260274)]
CHM00056096, [(1991, 112.66301369863014, 199.96164383561643)]
CHM00056954, [(1991, 149.33698630136988, 274.1917808219178)]
CHM00057290, [(1991, 97.0958904109589, 198.84931506849315)]
CHM00057494, [(1991, 130.73698630136985, 207.8794520547945)]
CHM00057662, [(1991, 139.8986301369863, 207.1917808219178)]
CHM00057866, [(1991, 150.9095890410959, 216.22465753424657)]
CHM00058424, [(1991, 135.8876712328767, 202.3890410958904)]
CHM00058715, [(1991, 147.27397260273972, 224.6)]
CHM00059417, [(1991, 195.81643835616438, 275.3534246575342)]
COM00080009, [(1991, 235.59825327510916, 334.3050847457627)]
COM00080036, [(1991, 237.23584905660377, 350.6363636363636)]
COM00080084, [(1991, 235.2112676056338, 319.29824561403507)]
COM00080144, [(1991, 233.25423728813558, None)]
COM00080210, [(1991, 172.13777777777779, 271.6715328467153)]
CS000098002, [(1991, 226.6046511627907, 323.09090909090907)]
CSM00078760, [(1991, 227.2391304347826, 324.6595744680851)]
CT000004656, [(1991, 211.11111111111111, 334.3333333333333)]
CT000004662, [(1991, 217.28571428571428, 346.6666666666667)]
CWM00091843, [(1991, 213.26872246696036, 277.1371237458194)]
DA000032020, [(1991, 66.73055555555555, 105.91506849315068)]
DAM00006011, [(1991, 53.14089347079038, 98.84717607973423)]
EIM00003962, [(1991, 76.76548672566372, 146.7816091954023)]
ENE00100914, [(1991, 11.278301886792454, 52.14150943396226)]
ER000063021, [(1991, 50.61538461538461, 238.0)]
ES000078650, [(1991, 239.51381215469613, 336.7513812154696)]
ET000063331, [(1991, 122.6875, 281.125)]
EZM00011423, [(1991, 33.756554307116104, 99.0104895104895)]
FIE00141810, [(1991, 52.64931506849315, 87.23013698630137)]
FIE00142080, [(1991, 18.660273972602738, 93.59726027397261)]
FIE00142641, [(1991, 11.997260273972604, 86.05479452054794)]
FIE00142866, [(1991, 8.263013698630138, 89.74794520547945)]
FIE00143046, [(1991, 22.67945205479452, 87.83835616438355)]
FIE00143391, [(1991, -3.884931506849315, 78.79178082191781)]
FIE00143802, [(1991, 9.156164383561643, 77.78082191780823)]
FIE00143952, [(1991, 6.8493150684931505, 76.8)]
FIE00144132, [(1991, 10.4, 75.35616438356165)]
FIE00144402, [(1991, 0.17534246575342466, 82.05479452054794)]
FIE00144492, [(1991, -9.632876712328768, 71.96986301369863)]
FIE00144972, [(1991, -7.876712328767123, 66.2904109589041)]
FIE00145167, [(1991, -6.698630136986301, 72.62465753424658)]
FIE00145212, [(1991, -15.767123287671232, 71.91780821917808)]
FIE00145362, [(1991, -6.454794520547945, 61.35616438356164)]
FIE00145377, [(1991, -17.506849315068493, 60.46849315068493)]
FIE00145632, [(1991, -17.586301369863012, 67.55068493150685)]
FIE00146187, [(1991, -41.06849315068493, 46.83287671232877)]
FIE00146232, [(1991, 9.851162790697675, 87.5953488372093)]
FIE00146328, [(1991, -36.347945205479455, 42.54520547945206)]
FIE00146538, [(1991, -52.8986301369863, 28.5972602739726)]
FIE00146688, [(1991, -42.45205479452055, 40.26027397260274)]
FMC00914395, [(1991, 213.11714285714285, 311.49142857142857)]
FMC00914482, [(1991, 220.1940789473684, 300.75657894736844)]
FMC00914710, [(1991, 230.55555555555554, 291.82758620689657)]
FP000091938, [(1991, 226.63953488372093, 309.6984615384615)]
FR000007255, [(1991, 65.79452054794521, 157.5972602739726)]
FR000007510, [(1991, 88.74520547945205, 178.72328767123287)]
FRM00007037, [(1991, 59.96521739130435, 137.28158844765343)]
FRM00007139, [(1991, 64.22983870967742, 158.59294871794873)]
FRM00007280, [(1991, 65.0, 164.34890965732086)]
GBM00064500, [(1991, 226.33333333333334, 283.7096774193548)]
GG000037309, [(1991, 9.277777777777779, 103.825)]
GG000037417, [(1991, 92.98630136986301, 174.99310344827586)]
GG000037531, [(1991, 91.625, 188.86)]
GL000004320, [(1991, -155.61666666666667, -82.08659217877096)]
GM000003038, [(1991, 50.038356164383565, 126.14794520547945)]
GM009031000, [(1991, 59.4029304029304, 173.1831501831502)]
GME00102236, [(1991, 49.04931506849315, 130.3890410958904)]
GME00102404, [(1991, 57.57534246575342, 137.56986301369864)]
GMM00010130, [(1991, 49.16386554621849, 125.53538461538461)]
GMM00010139, [(1991, 44.083333333333336, 136.52459016393442)]
GMM00010193, [(1991, 8.566666666666666, 62.46153846153846)]
GMM00010253, [(1991, 52.864583333333336, 79.68707482993197)]
GMM00010289, [(1991, -5.232558139534884, 58.86206896551724)]
GMM00010490, [(1991, -21.90740740740741, 58.666666666666664)]
GMM00010565, [(1991, -8.372093023255815, 47.0)]
GMM00010706, [(1991, 61.27402135231317, 97.95967741935483)]
GMM00010796, [(1991, 3.7016806722689077, 124.24773413897282)]
GR000167460, [(1991, 140.95616438356166, 212.56712328767122)]
GV000001809, [(1991, 141.24358974358975, 288.3333333333333)]
HRE00105182, [(1991, 29.43013698630137, 139.06849315068493)]
IC000004092, [(1991, 21.934246575342467, 74.16986301369863)]
ID000097724, [(1991, 230.44642857142858, 307.2957746478873)]
IDM00096035, [(1991, 232.9922480620155, 313.4148148148148)]
IDM00096179, [(1991, 236.6551724137931, 312.95238095238096)]
IDM00096509, [(1991, None, 322.0)]
IDM00096935, [(1991, 243.25, 320.94117647058823)]
IDM00097028, [(1991, 236.25, 307.0)]
IN001020700, [(1991, 222.14453125, 342.0032894736842)]
IN005010600, [(1991, 206.56230031948883, 344.9139465875371)]
IN010050700, [(1991, 242.8640776699029, 313.52320675105483)]
IN024034300, [(1991, 198.0420168067227, 325.984)]
INM00042071, [(1991, 121.21212121212122, 304.2916666666667)]
IRM00040747, [(1991, 69.4251968503937, 223.3048780487805)]
IRM00040780, [(1991, 157.0344827586207, 281.6025641025641)]
ITM00016110, [(1991, 125.59278350515464, 182.84375)]
ITM00016206, [(1991, 90.54166666666667, 199.16190476190476)]
IV000005562, [(1991, 223.96138996138995, 328.6022304832714)]
IVM00065536, [(1991, 220.35658914728683, 323.61764705882354)]
IVM00065563, [(1991, 208.1828793774319, 323.2867647058824)]
IVM00065578, [(1991, 239.8268156424581, 302.085020242915)]
JA000047418, [(1991, 25.026455026455025, 107.5)]
JA000047424, [(1991, 165.0, 266.0)]
JA000047430, [(1991, 55.6, 138.41764705882352)]
JA000047574, [(1991, 74.9095238095238, 149.23076923076923)]
JA000047607, [(1991, 104.52331606217616, 180.62762762762762)]
JA000047640, [(1991, 99.97972972972973, 197.46332046332046)]
JA000047649, [(1991, 129.44, 229.28358208955223)]
JA000047655, [(1991, 135.49056603773585, 196.55907780979828)]
JA000047682, [(1991, 152.57051282051282, 220.13718411552347)]
JA000047742, [(1991, None, 284.0)]
JA000047778, [(1991, 148.27123287671233, 205.93698630136987)]
JA000047784, [(1991, 231.5, 299.85714285714283)]
JA000047817, [(1991, 138.03980099502488, 208.29661016949152)]
JA000047823, [(1991, 245.0, 291.125)]
JA000047838, [(1991, 251.25, 293.8888888888889)]
JA000047892, [(1991, 234.0, 293.0)]
JAW00043323, [(1991, 137.25205479452055, 209.76712328767124)]
JOM00040260, [(1991, 133.7682119205298, 277.111801242236)]
JOM00040296, [(1991, 195.94152046783626, 308.093567251462)]
KE000063661, [(1991, 118.77, 257.05243445692884)]
KG000036963, [(1991, -79.75, 12.117647058823529)]
KNM00047025, [(1991, 51.22429906542056, 130.82978723404256)]
KSM00047101, [(1991, 49.79203539823009, 171.1444759206799)]
KZ000035163, [(1991, -30.227272727272727, 107.4888888888889)]
KZ000035217, [(1991, 93.30555555555556, 133.53667953667954)]
KZ000035394, [(1991, -12.057534246575342, 102.83561643835617)]
KZ000035406, [(1991, 37.293150684931504, 143.03287671232877)]
KZ000035514, [(1991, 112.0, 159.56204379562044)]
KZ000035529, [(1991, 16.3625, 150.5)]
KZ000035997, [(1991, 57.048780487804876, 140.93172690763052)]
KZ000036177, [(1991, -20.767123287671232, 112.96986301369863)]
KZ000038019, [(1991, 54.142857142857146, 155.57383966244726)]
KZ000038439, [(1991, 77.92272727272727, 216.00346020761245)]
LG000026425, [(1991, 0.0, 44.0)]
LH000026524, [(1991, 37.30958904109589, 110.22465753424657)]
LH000026728, [(1991, 32.95342465753425, 114.67123287671232)]
LY000062271, [(1991, 172.92857142857142, 299.65065502183404)]
LYE00147741, [(1991, 157.86054421768708, 246.76825396825396)]
LYM00062161, [(1991, 129.006993006993, 255.7173913043478)]
LYM00062176, [(1991, 138.84545454545454, 293.03184713375794)]
LYM00062200, [(1991, 169.3658536585366, 305.6388888888889)]
MAM00067017, [(1991, 215.5142857142857, 283.2857142857143)]
MAM00067023, [(1991, 215.9125, 291.5128205128205)]
MAM00067131, [(1991, 172.83333333333334, 295.5692307692308)]
MAM00067152, [(1991, 150.40243902439025, 284.44871794871796)]
MD000033678, [(1991, 43.51234567901235, 128.37820512820514)]
MG000044259, [(1991, -45.46849315068493, 76.36164383561643)]
MG000044373, [(1991, -11.512328767123288, 121.31780821917808)]
MGM00044215, [(1991, -76.3646408839779, 54.587044534412954)]
MGM00044284, [(1991, -127.60606060606061, 40.965635738831615)]
MGM00044302, [(1991, -81.97894736842105, 62.72627737226277)]
MIM00067586, [(1991, 135.25, 259.7423580786026)]
MLM00061277, [(1991, 231.60408163265305, 361.35315985130114)]
MP000061990, [(1991, 207.07397260273973, 272.61095890410957)]
MRM00061404, [(1991, 182.08955223880596, 324.2843601895735)]
MUM00041268, [(1991, 237.20542635658916, 343.8877887788779)]
MX000003030, [(1991, 150.28358208955223, 279.1467065868263)]
MX000003066, [(1991, 155.36986301369862, 260.986301369863)]
MX000005016, [(1991, 121.64804469273743, 265.56473829201104)]
MX000008028, [(1991, 40.66197183098591, 227.1565934065934)]
MX000008097, [(1991, 6.17816091954023, 205.58904109589042)]
MX000008121, [(1991, 94.37853107344633, 268.4986225895317)]
MX000008142, [(1991, 22.39010989010989, 210.24657534246575)]
MX000008157, [(1991, 130.0557103064067, 263.43835616438355)]
MX000008184, [(1991, 72.65826330532212, 245.9013698630137)]
MX000010023, [(1991, 89.7182320441989, 250.13888888888889)]
MX000011001, [(1991, 137.68493150684932, 294.3315068493151)]
MX000013008, [(1991, 64.51117318435755, 240.6986301369863)]
MX000013035, [(1991, 67.92479108635098, 252.4931506849315)]
MX000014040, [(1991, 141.56626506024097, 272.88519637462235)]
MX000014121, [(1991, 153.02739726027397, 270.13698630136986)]
MX000017004, [(1991, 146.93771626297578, 289.5026455026455)]
MX000021048, [(1991, 180.76986301369863, 349.2931506849315)]
MX000021054, [(1991, 84.8050139275766, 210.73972602739727)]
MX000023019, [(1991, 191.32876712328766, 308.4109589041096)]
MX000025017, [(1991, 204.875, 305.3013698630137)]
MX000025023, [(1991, 160.58904109589042, 331.8493150684931)]
MX000025110, [(1991, 157.72602739726028, 332.1506849315069)]
MX000028116, [(1991, 178.07945205479453, 304.8301369863014)]
MX000030003, [(1991, 189.82191780821918, 311.36986301369865)]
MX000030072, [(1991, 138.0597014925373, 266.0479041916168)]
MX000032016, [(1991, 138.5068493150685, 311.82191780821915)]
MX000076644, [(1991, 228.03125, 335.0960960960961)]
MX000768330, [(1991, 229.74285714285713, 336.6006191950464)]
MXM00076665, [(1991, 102.87962962962963, 273.4779411764706)]
MXM00076692, [(1991, 217.01618122977345, 292.497975708502)]
MXM00076848, [(1991, 129.1344827586207, 248.75446428571428)]
MY000096413, [(1991, 231.0082191780822, 315.72328767123287)]
MYM00048665, [(1991, 232.4047619047619, 318.17021276595744)]
MYM00096449, [(1991, 233.57731958762886, 313.5584415584416)]
MZM00067231, [(1991, 171.57758620689654, 306.3495575221239)]
NG000001049, [(1991, 218.73853211009174, 373.72246696035245)]
NG000061043, [(1991, 221.8374558303887, 352.96478873239437)]
NLE00102417, [(1991, 49.89041095890411, 131.4191780821918)]
NLE00102504, [(1991, 45.23561643835617, 133.6931506849315)]
NLE00102519, [(1991, 44.53150684931507, 133.7178082191781)]
NLE00113730, [(1991, 85.75890410958904, 115.62465753424658)]
NLM00006235, [(1991, 65.97260273972603, 122.81643835616438)]
NOE00105472, [(1991, 68.87945205479453, 102.84383561643835)]
NOE00109543, [(1991, 14.956164383561644, 103.4876712328767)]
NOE00109768, [(1991, 49.83287671232877, 100.45205479452055)]
NOE00109840, [(1991, 29.361643835616437, 106.07123287671233)]
NOE00109849, [(1991, -7.709677419354839, 49.41935483870968)]
NOE00111385, [(1991, 55.14678899082569, 76.96941896024465)]
NZ000937470, [(1991, 28.797260273972604, 150.900826446281)]
PA000086297, [(1991, 150.55704697986576, 295.680981595092)]
PE000084455, [(1991, 206.56632653061226, 339.70552147239266)]
PE000084752, [(1991, 80.36162361623616, 232.253112033195)]
PEM00084515, [(1991, 213.13120567375887, 331.07655502392345)]
PEM00084542, [(1991, 70.77777777777777, 259.27272727272725)]
PEM00084686, [(1991, 42.97356828193833, 207.83018867924528)]
PKM00041571, [(1991, 130.8409090909091, 263.9270833333333)]
PL000012385, [(1991, 34.76986301369863, 118.4986301369863)]
PLM00012566, [(1991, 38.80821917808219, 118.96190476190476)]
PO000008549, [(1991, 108.38630136986302, 214.16712328767125)]
POW00013201, [(1991, 148.95364238410596, 204.9217877094972)]
PP000092044, [(1991, 245.7123287671233, 305.41917808219176)]
PSC00914519, [(1991, 213.94366197183098, 297.44225352112676)]
ROE00108896, [(1991, 56.345205479452055, 140.8986301369863)]
RP000098851, [(1991, 225.6164383561644, 334.3150684931507)]
RP000986530, [(1991, 17.328767123287673, 27.980821917808218)]
RQC00664702, [(1991, 202.4, 293.08493150684933)]
RQC00666073, [(1991, 204.26402640264027, 317.1188118811881)]
RQC00669829, [(1991, 216.53150684931506, 302.5643835616438)]
RSM00021908, [(1991, -179.24931506849316, -84.02739726027397)]
RSM00022028, [(1991, -17.278350515463917, 39.92131147540984)]
RSM00022217, [(1991, -36.29041095890411, 41.13972602739726)]
RSM00022271, [(1991, -40.465753424657535, 23.934246575342467)]
RSM00022292, [(1991, -51.463013698630135, 15.624657534246575)]
RSM00022520, [(1991, -18.13972602739726, 50.3013698630137)]
RSM00022529, [(1991, -96.5, None)]
RSM00022541, [(1991, -5.194444444444445, 57.29281767955801)]
RSM00022583, [(1991, -40.46849315068493, 49.797260273972604)]
RSM00022907, [(1991, 38.172602739726024, 85.6082191780822)]
RSM00022913, [(1991, -138.0, -87.2)]
RSM00023114, [(1991, -72.08219178082192, -3.652054794520548)]
RSM00023324, [(1991, -71.06027397260274, 22.2)]
RSM00023330, [(1991, -86.56712328767124, -0.9041095890410958)]
RSM00023345, [(1991, -97.93150684931507, -17.797260273972604)]
RSM00023405, [(1991, -42.14246575342466, 37.78082191780822)]
RSM00023426, [(1991, -80.99009900990099, 17.71311475409836)]
RSM00023678, [(1991, -80.14246575342466, 9.63013698630137)]
RSM00023804, [(1991, -17.495890410958904, 64.72876712328767)]
RSM00023867, [(1991, -65.11780821917809, 36.12876712328767)]
RSM00023933, [(1991, -39.38356164383562, 47.635616438356166)]
RSM00023975, [(1991, -81.4423076923077, 54.0)]
RSM00024197, [(1991, -178.2952380952381, -37.03378378378378)]
RSM00024371, [(1991, -184.94794520547944, -54.42465753424658)]
RSM00024641, [(1991, -129.22739726027396, -29.164383561643834)]
RSM00024656, [(1991, -178.65217391304347, -27.813868613138688)]
RSM00026072, [(1991, -80.0, -15.0)]
RSM00026378, [(1991, 23.194174757281555, 108.50740740740741)]
RSM00027296, [(1991, -4.47945205479452, 83.94794520547946)]
RSM00027329, [(1991, 23.238095238095237, 103.6561403508772)]
RSM00027485, [(1991, 2.819178082191781, 89.45205479452055)]
RSM00027707, [(1991, 23.742465753424657, 96.7068493150685)]
RSM00027857, [(1991, 16.482191780821918, 110.13150684931507)]
RSM00028064, [(1991, -24.742465753424657, 62.413698630136984)]
RSM00028334, [(1991, -2.5866666666666664, 85.20477815699658)]
RSM00028382, [(1991, -18.161849710982658, 104.74)]
RSM00028586, [(1991, -18.92817679558011, 112.49264705882354)]
RSM00028688, [(1991, -11.148325358851675, 116.51398601398601)]
RSM00028712, [(1991, 26.166666666666668, 159.83636363636364)]
RSM00028748, [(1991, -12.10958904109589, 100.65479452054795)]
RSM00029231, [(1991, -51.04109589041096, 54.794520547945204)]
RSM00029348, [(1991, -37.02465753424657, 65.52054794520548)]
RSM00029456, [(1991, -159.125, -83.23809523809524)]
RSM00029477, [(1991, -222.53846153846155, -111.55813953488372)]
RSM00029498, [(1991, -63.90643274853801, 80.62608695652175)]
RSM00029570, [(1991, -28.698630136986303, 67.52876712328766)]
RSM00029645, [(1991, -37.3041095890411, 73.1041095890411)]
RSM00029726, [(1991, -35.01851851851852, 93.23509933774834)]
RSM00029789, [(1991, -91.32876712328768, 63.92602739726028)]
RSM00029813, [(1991, -23.86842105263158, 84.01413427561837)]
RSM00029849, [(1991, -33.16712328767123, 84.03013698630137)]
RSM00029915, [(1991, -21.594520547945205, 93.87123287671233)]
RSM00029999, [(1991, -104.8986301369863, 30.71780821917808)]
RSM00030089, [(1991, -133.33150684931508, 12.334246575342465)]
RSM00030554, [(1991, -115.93698630136986, 30.052054794520547)]
RSM00030635, [(1991, -62.57534246575342, 36.33424657534247)]
RSM00030683, [(1991, -105.20207253886011, 43.52595155709343)]
RSM00030758, [(1991, -87.41643835616438, 55.76438356164383)]
RSM00030764, [(1991, -145.29787234042553, 48.04713804713805)]
RSM00030824, [(1991, -56.22633744855967, 56.82958199356913)]
RSM00031004, [(1991, -99.4876712328767, 0.42191780821917807)]
RSM00031088, [(1991, -64.20821917808219, 3.249315068493151)]
RSM00031235, [(1991, -110.73150684931507, 22.164383561643834)]
RSM00031418, [(1991, -67.59798994974874, 43.96820809248555)]
RSM00031439, [(1991, -56.75616438356165, 38.66575342465753)]
RSM00031532, [(1991, -88.93424657534247, 43.43013698630137)]
RSM00031655, [(1991, -35.50248756218905, 59.41520467836257)]
RSM00031931, [(1991, -12.58904109589041, 104.45753424657535)]
RSM00031994, [(1991, -321.0, 81.93142857142857)]
RSM00032174, [(1991, 24.232876712328768, 88.84657534246575)]
RSM00032195, [(1991, 11.901315789473685, 61.75167785234899)]
RSM00032207, [(1991, 10.716763005780347, 56.1128526645768)]
RSM00032213, [(1991, 11.224657534246575, 35.635616438356166)]
RSM00032363, [(1991, -67.92054794520548, 38.33424657534247)]
RSM00032594, [(1991, 0.2958579881656805, 50.228125)]
RSM00034139, [(1991, 31.895890410958906, 114.67397260273972)]
RSM00034172, [(1991, 36.09315068493151, 120.73150684931507)]
RSM00034247, [(1991, 19.632876712328766, 126.84383561643835)]
RSM00034289, [(1991, 20.523287671232875, 127.37808219178082)]
RSM00034646, [(1991, 62.81369863013698, 138.73150684931508)]
RSM00034727, [(1991, 95.08333333333333, 163.8153846153846)]
RSM00034748, [(1991, 64.94554455445545, 189.34375)]
RSM00034922, [(1991, 72.37823834196891, 168.45539906103286)]
RSM00034958, [(1991, 58.36756756756757, 160.73658536585367)]
RSM00034964, [(1991, 62.5360824742268, 168.5043103448276)]
RSM00036020, [(1991, -10.514423076923077, 98.08026755852843)]
RSM00037061, [(1991, 59.73972602739726, 160.78630136986303)]
RSM00037163, [(1991, -9.444444444444445, 48.63636363636363)]
RSM00037244, [(1991, 68.53424657534246, 166.39178082191782)]
SA000040430, [(1991, 215.0986301369863, 350.3424657534247)]
SA000041024, [(1991, 225.94520547945206, 338.1123287671233)]
SA000403940, [(1991, 145.31506849315068, 291.7013698630137)]
SAM00040439, [(1991, 211.95019157088123, 342.6666666666667)]
SAM00041030, [(1991, 239.21885521885523, 374.8990228013029)]
SF000068712, [(1991, 121.57507082152975, 192.34349030470915)]
SF002146700, [(1991, 121.72508591065292, 250.4102564102564)]
SF003174470, [(1991, 120.92222222222222, 285.3278236914601)]
SFM00068368, [(1991, 89.48013245033113, 232.77808988764045)]
SFM00068461, [(1991, 56.20557491289198, 229.6237113402062)]
SGM00061698, [(1991, 216.14634146341464, 362.636678200692)]
SHM00068906, [(1991, 91.33333333333333, 145.4981684981685)]
SP000008181, [(1991, 105.12876712328767, 193.23835616438356)]
SU000062600, [(1991, 176.56338028169014, 332.66257668711654)]
SU000062771, [(1991, 207.40397350993376, 339.9673913043478)]
SUM00062750, [(1991, 233.0, 401.0)]
SUM00062810, [(1991, 210.87272727272727, 357.2586206896552)]
SV000020107, [(1991, -69.97202797202797, -17.446735395189002)]
SW000002361, [(1991, 13.087671232876712, 88.3917808219178)]
SW000002550, [(1991, 20.684931506849313, 97.95068493150686)]
SWE00115961, [(1991, 4.082191780821918, 87.9945205479452)]
SWE00137534, [(1991, 65.01461988304094, 117.51169590643275)]
SWE00137642, [(1991, 62.106849315068494, 98.18630136986302)]
SWE00137750, [(1991, 34.723287671232875, 112.27945205479452)]
SWE00138074, [(1991, 21.28767123287671, 114.23013698630137)]
SWE00138338, [(1991, 31.002739726027396, 104.69041095890411)]
SWE00138386, [(1991, 29.4, 112.17808219178082)]
SWE00138404, [(1991, 43.518731988472624, 109.93083573487031)]
SWE00138488, [(1991, 32.9041095890411, 105.52328767123288)]
SWE00138608, [(1991, 27.112328767123287, 109.24109589041096)]
SWE00138866, [(1991, 39.61643835616438, 106.88219178082191)]
SWE00138926, [(1991, 33.15068493150685, 107.38356164383562)]
SWE00139112, [(1991, 52.035616438356165, 87.82739726027397)]
SWE00139148, [(1991, 34.20821917808219, 103.53698630136986)]
SWE00139430, [(1991, 28.4027397260274, 99.9013698630137)]
SWE00139526, [(1991, 3.9178082191780823, 89.97260273972603)]
SWE00139676, [(1991, 24.684931506849313, 98.10958904109589)]
SWE00139790, [(1991, 6.641095890410959, 87.21369863013699)]
SWE00140288, [(1991, -24.898630136986302, 54.484931506849314)]
SWE00140306, [(1991, -8.07799442896936, 69.93871866295265)]
SWE00140348, [(1991, -19.583561643835615, 47.83561643835616)]
SWE00140360, [(1991, -26.057534246575344, 61.054794520547944)]
SWE00140396, [(1991, -28.553424657534247, 46.74246575342466)]
SWE00140462, [(1991, -30.389041095890413, 54.42191780821918)]
SWE00140618, [(1991, -20.58823529411765, 52.4025974025974)]
SWE00140774, [(1991, -32.3968253968254, 48.682539682539684)]
SWE00140876, [(1991, -37.136986301369866, 35.64931506849315)]
SYM00040030, [(1991, 110.63667820069205, 251.13183279742765)]
SYM00040045, [(1991, 139.24067796610169, 278.2456140350877)]
TH000048303, [(1991, 190.81643835616438, 313.13424657534244)]
TH000048330, [(1991, 215.5300751879699, 338.05982905982904)]
TH000048351, [(1991, 222.29113924050634, 343.6448863636364)]
TH000048405, [(1991, 223.4777777777778, 325.68857142857144)]
TH000048426, [(1991, 237.854609929078, 342.5816618911175)]
TH000048432, [(1991, 225.74100719424462, 327.00852272727275)]
TH000048480, [(1991, 236.276, 323.09322033898303)]
TI000038705, [(1991, None, 140.33333333333334)]
TOM00065355, [(1991, 207.5174129353234, 314.58653846153845)]
TUM00017050, [(1991, 82.25806451612904, 188.13988095238096)]
TUM00017092, [(1991, 54.712025316455694, 170.72908366533864)]
TUM00017188, [(1991, 70.96283783783784, 182.82440476190476)]
TUM00017260, [(1991, 105.76307692307692, 224.41017964071855)]
TX000038665, [(1991, 101.80645161290323, 179.41584158415841)]
TX000038806, [(1991, 99.76229508196721, 237.01298701298703)]
TZ000063962, [(1991, 147.390243902439, None)]
UK000003005, [(1991, 54.14246575342466, 97.42465753424658)]
UK000003026, [(1991, 60.66027397260274, 111.86849315068493)]
UK000003302, [(1991, 73.98630136986301, 130.07123287671232)]
UK000056225, [(1991, 64.35890410958905, 136.08767123287672)]
UKM00003066, [(1991, 54.21951219512195, 124.33788395904436)]
UPM00033301, [(1991, 41.041044776119406, 128.58333333333334)]
UPM00033391, [(1991, 0.0, None)]
UPM00033466, [(1991, 42.19117647058823, 134.04075235109718)]
UPM00033526, [(1991, 34.34765625, 125.48821548821549)]
UPM00033910, [(1991, 72.25479452054795, 142.2)]
UPM00033946, [(1991, 62.15068493150685, 155.8931506849315)]
UPM00033973, [(1991, None, 271.0)]
UPM00034300, [(1991, 42.45479452054794, 119.63013698630137)]
UPM00034504, [(1991, 53.95729537366548, 146.9435215946844)]
UPM00034510, [(1991, 41.44239631336406, 142.81314878892732)]
UPM00034519, [(1991, 49.86940298507463, 137.59748427672955)]
USC00010160, [(1991, 113.81818181818181, 235.03856749311294)]
USC00010430, [(1991, 124.94794520547946, 233.9041095890411)]
USC00010505, [(1991, 109.5095890410959, 238.22739726027396)]
USC00010655, [(1991, 103.59452054794521, 223.6027397260274)]
USC00013775, [(1991, 99.5965909090909, 225.02272727272728)]
USC00016121, [(1991, 103.76438356164384, 223.4931506849315)]
USC00017366, [(1991, 130.73150684931508, 248.67123287671234)]
USC00018209, [(1991, 110.46849315068494, 237.2958904109589)]
USC00018323, [(1991, 124.04885057471265, 242.91329479768785)]
USC00020159, [(1991, -27.39325842696629, 149.2191011235955)]
USC00020288, [(1991, 135.0303867403315, 291.89835164835165)]
USC00020672, [(1991, 82.41141141141141, 239.06626506024097)]
USC00021353, [(1991, 131.39285714285714, 281.6868131868132)]
USC00021920, [(1991, 50.57617728531856, 204.925)]
USC00022109, [(1991, 78.52957746478873, 238.4112676056338)]
USC00023027, [(1991, 133.96703296703296, 285.22802197802196)]
USC00023303, [(1991, 20.885793871866294, 174.86629526462394)]
USC00023393, [(1991, 147.9587912087912, 313.92857142857144)]
USC00024053, [(1991, 39.78356164383562, 242.76712328767124)]
USC00024089, [(1991, 36.02191780821918, 225.14520547945204)]
USC00025700, [(1991, 147.26301369863015, 283.68131868131866)]
USC00026132, [(1991, 125.70833333333333, 298.4573002754821)]
USC00026180, [(1991, 72.50759878419453, 192.56923076923076)]
USC00026471, [(1991, 136.08839779005524, 274.78729281767954)]
USC00027281, [(1991, 133.3041095890411, 267.07397260273973)]
USC00027593, [(1991, 106.31843575418995, 233.66106442577032)]
USC00028499, [(1991, 148.7486033519553, 299.7660167130919)]
USC00028619, [(1991, 96.98082191780821, 247.02191780821917)]
USC00028796, [(1991, 112.49862258953168, 280.4573002754821)]
USC00029645, [(1991, 123.72876712328767, 276.53972602739725)]
USC00030764, [(1991, 88.7905982905983, 234.71794871794873)]
USC00031838, [(1991, 106.26027397260275, 230.8)]
USC00032444, [(1991, 96.19283746556474, 206.88154269972452)]
USC00032930, [(1991, 90.3972602739726, 220.23835616438356)]
USC00033734, [(1991, 109.25753424657535, 218.42032967032966)]
USC00033821, [(1991, 107.37808219178082, 214.46575342465752)]
USC00035036, [(1991, 94.12054794520547, 207.3013698630137)]
USC00035186, [(1991, 118.15342465753425, 217.23013698630137)]
USC00036920, [(1991, 116.41095890410959, 225.0)]
USC00040232, [(1991, 92.07164179104478, 225.88023952095807)]
USC00040673, [(1991, 63.54794520547945, 223.63835616438357)]
USC00040943, [(1991, -65.9013698630137, 137.62739726027397)]
USC00041312, [(1991, 64.26575342465753, 249.413698630137)]
USC00042239, [(1991, 36.04383561643836, 186.6876712328767)]
USC00042500, [(1991, 29.17808219178082, 205.013698630137)]
USC00042671, [(1991, 13.698630136986301, 120.11232876712329)]
USC00042941, [(1991, 105.44077134986226, 207.73553719008265)]
USC00043157, [(1991, 14.301369863013699, 164.02191780821917)]
USC00044555, [(1991, 79.23287671232876, 226.7780821917808)]
USC00045026, [(1991, -14.558904109589042, 133.7068493150685)]
USC00045032, [(1991, 76.02234636871508, 240.91470588235293)]
USC00045338, [(1991, 126.36645962732919, 266.47774480712167)]
USC00045866, [(1991, 66.45479452054795, 176.86849315068494)]
USC00046154, [(1991, 57.16438356164384, 238.0191780821918)]
USC00046175, [(1991, 126.74096385542168, 176.67469879518072)]
USC00047195, [(1991, 19.99390243902439, 229.35060975609755)]
USC00047228, [(1991, 78.55775577557756, 225.33666666666667)]
USC00048587, [(1991, 77.26301369863013, 245.00824175824175)]
USC00048917, [(1991, 88.20821917808219, 263.57260273972605)]
USC00049001, [(1991, 86.272, 241.70612244897958)]
USC00049043, [(1991, -21.390934844192635, 153.75070821529744)]
USC00049490, [(1991, 25.006872852233677, 249.1237113402062)]
USC00049694, [(1991, 65.63036303630363, 246.3841059602649)]
USC00049781, [(1991, 95.23480662983425, 245.19337016574585)]
USC00050183, [(1991, -5.104294478527607, 125.33742331288343)]
USC00050372, [(1991, -29.421917808219177, 131.51232876712328)]
USC00051932, [(1991, -18.756164383561643, 135.43013698630136)]
USC00052790, [(1991, -22.964285714285715, 156.5)]
USC00053951, [(1991, -100.42582417582418, 84.95342465753424)]
USC00054734, [(1991, -47.4, 126.59726027397261)]
USC00055706, [(1991, -44.00282485875706, 138.23446327683615)]
USC00055922, [(1991, 16.991666666666667, 181.3)]
USC00055970, [(1991, -19.424657534246574, 146.9917808219178)]
USC00056306, [(1991, 12.63013698630137, 173.3945205479452)]
USC00056921, [(1991, -9.585526315789474, 115.34666666666666)]
USC00057020, [(1991, -48.93698630136986, 144.53150684931506)]
USC00057287, [(1991, -12.265753424657534, 143.7972602739726)]
USC00057515, [(1991, 32.1945205479452, 185.98356164383563)]
USC00057557, [(1991, 10.650137741046832, 168.00552486187846)]
USC00057848, [(1991, -52.57260273972603, 106.40273972602739)]
USC00058157, [(1991, 20.747945205479454, 199.31506849315068)]
USC00058184, [(1991, -94.13150684931507, 87.5095890410959)]
USC00058793, [(1991, 42.21917808219178, 199.96986301369864)]
USC00059096, [(1991, -77.75342465753425, 121.17260273972603)]
USC00059243, [(1991, 29.356164383561644, 187.3013698630137)]
USC00060227, [(1991, 28.975274725274726, 156.55342465753424)]
USC00073595, [(1991, 83.14246575342466, 194.45753424657534)]
USC00075320, [(1991, 104.84383561643835, 204.07945205479453)]
USC00080228, [(1991, 181.51940298507463, 290.92492492492494)]
USC00080945, [(1991, 175.75070028011206, 293.6330532212885)]
USC00083909, [(1991, 208.3945205479452, 298.59302325581393)]
USC00084731, [(1991, 151.6931506849315, 261.3917808219178)]
USC00085076, [(1991, 160.45753424657534, 290.36164383561646)]
USC00085184, [(1991, 198.0257142857143, 276.79714285714283)]
USC00085793, [(1991, 137.27123287671233, 256.1506849315069)]
USC00085895, [(1991, 182.95342465753424, 294.32876712328766)]
USC00087851, [(1991, 166.23835616438356, 291.3013698630137)]
USC00090311, [(1991, 107.2931506849315, 235.92602739726027)]
USC00091448, [(1991, 108.09880239520957, 235.6437125748503)]
USC00091982, [(1991, 83.78630136986301, 211.11780821917807)]
USC00092318, [(1991, 111.9013698630137, 226.13972602739727)]
USC00093386, [(1991, 137.32967032967034, 248.56593406593407)]
USC00093506, [(1991, 100.38738738738739, 229.68778280542986)]
USC00094133, [(1991, 100.0418118466899, 213.33101045296166)]
USC00094676, [(1991, 127.40836012861736, 257.2025723472669)]
USC00096335, [(1991, 112.7068493150685, 229.73150684931508)]
USC00097808, [(1991, 147.73130193905817, 248.90985915492956)]
USC00098666, [(1991, 138.1046931407942, 256.4801444043321)]
USC00100667, [(1991, 12.956164383561644, 135.25753424657535)]
USC00101408, [(1991, 20.07123287671233, 168.46849315068494)]
USC00102875, [(1991, -29.96694214876033, 134.76584022038568)]
USC00103448, [(1991, 9.205607476635514, 191.7710280373832)]
USC00104318, [(1991, 18.011194029850746, 187.15185185185186)]
USC00104831, [(1991, 19.312328767123287, 154.25205479452055)]
USC00105716, [(1991, -1.3278236914600552, 143.20385674931129)]
USC00105980, [(1991, 17.96986301369863, 163.1068493150685)]
USC00106424, [(1991, 18.797260273972604, 136.53424657534248)]
USC00106493, [(1991, -26.992857142857144, 100.86861313868613)]
USC00106844, [(1991, 20.232876712328768, 175.4904109589041)]
USC00107648, [(1991, 16.054794520547944, 164.23561643835617)]
USC00111302, [(1991, 86.32876712328768, 201.4849315068493)]
USC00112736, [(1991, 32.07807807807808, 139.78378378378378)]
USC00112931, [(1991, 79.61643835616438, 194.53150684931506)]
USC00113384, [(1991, 57.57534246575342, 163.77260273972604)]
USC00113879, [(1991, 88.88767123287671, 206.92054794520547)]
USC00114530, [(1991, 57.41917808219178, 165.2109589041096)]
USC00115079, [(1991, 65.10571428571428, 184.95714285714286)]
USC00115712, [(1991, 54.71232876712329, 175.8082191780822)]
USC00115841, [(1991, 70.38356164383562, 177.48767123287672)]
USC00115901, [(1991, 18.4986301369863, 158.86849315068494)]
USC00115943, [(1991, 79.6082191780822, 184.54945054945054)]
USC00116159, [(1991, 76.93698630136986, 186.29041095890412)]
USC00116558, [(1991, 90.51790633608816, 192.3846153846154)]
USC00116579, [(1991, 77.38082191780822, 197.19452054794522)]
USC00116753, [(1991, 50.85164835164835, 166.08241758241758)]
USC00117077, [(1991, 70.25274725274726, 176.27397260273972)]
USC00124244, [(1991, 61.57534246575342, 152.54246575342466)]
USC00124730, [(1991, 49.47397260273973, 156.16164383561645)]
USC00125237, [(1991, 84.65384615384616, 189.81043956043956)]
USC00126506, [(1991, 62.66849315068493, 172.66575342465754)]
USC00126830, [(1991, 60.704109589041096, 179.38630136986302)]
USC00126872, [(1991, 82.53698630136986, 189.56712328767122)]
USC00126989, [(1991, 63.71232876712329, 168.9095890410959)]
USC00127298, [(1991, 61.14794520547945, 165.7972602739726)]
USC00127370, [(1991, 62.9972602739726, 173.93150684931507)]
USC00130157, [(1991, 35.21944444444444, 144.13296398891967)]
USC00131060, [(1991, 67.40821917808219, 168.6904109589041)]
USC00131954, [(1991, 11.210958904109589, 125.7068493150685)]
USC00133487, [(1991, 29.0, 140.85479452054796)]
USC00134228, [(1991, 43.564245810055866, 160.1368715083799)]
USC00134735, [(1991, 22.45977011494253, 147.36705202312137)]
USC00135086, [(1991, 24.197260273972603, 139.0109589041096)]
USC00135131, [(1991, 32.56986301369863, 148.0246575342466)]
USC00135992, [(1991, 54.239669421487605, 162.9972602739726)]
USC00136103, [(1991, 17.816438356164383, 123.44383561643835)]
USC00136151, [(1991, 39.94214876033058, 157.21487603305786)]
USC00137312, [(1991, 23.994505494505493, 138.37637362637363)]
USC00137726, [(1991, 28.419444444444444, 141.40389972144845)]
USC00138266, [(1991, 35.73626373626374, 152.12362637362637)]
USC00138806, [(1991, 32.24383561643835, 146.57260273972602)]
USC00141383, [(1991, 47.65096952908587, 210.85872576177286)]
USC00141740, [(1991, 88.31506849315069, 210.05753424657533)]
USC00142835, [(1991, 86.78082191780823, 205.5917808219178)]
USC00143855, [(1991, 53.83195592286501, 208.24725274725276)]
USC00143984, [(1991, 88.96438356164384, 209.1346153846154)]
USC00144665, [(1991, 35.586301369863016, 193.73150684931508)]
USC00146549, [(1991, 71.5122699386503, 221.55521472392638)]
USC00148235, [(1991, 30.13150684931507, 194.36712328767123)]
USC00148946, [(1991, 61.050139275766014, 204.54469273743015)]
USC00148988, [(1991, 4.833962264150943, 147.60902255639098)]
USC00154208, [(1991, 17.473684210526315, 117.01754385964912)]
USC00154967, [(1991, 90.57142857142857, 218.91758241758242)]
USC00155111, [(1991, 61.75068493150685, 212.27123287671233)]
USC00155648, [(1991, 82.23561643835616, 195.52602739726026)]
USC00162212, [(1991, 152.32967032967034, 251.42857142857142)]
USC00162800, [(1991, 133.3068493150685, 252.62191780821917)]
USC00163313, [(1991, 157.53719008264463, 247.1763085399449)]
USC00163979, [(1991, 168.25, 246.96875)]
USC00165266, [(1991, 133.73150684931508, 246.27397260273972)]
USC00165908, [(1991, 117.83013698630137, 238.81917808219177)]
USC00166244, [(1991, 118.04657534246576, 237.51780821917808)]
USC00166394, [(1991, 163.26608187134502, 247.7982456140351)]
USC00167738, [(1991, 127.4904109589041, 245.7835616438356)]
USC00171833, [(1991, -20.213698630136985, 116.54945054945055)]
USC00172238, [(1991, 1.85989010989011, 135.75)]
USC00177479, [(1991, 31.252777777777776, 160.48618784530387)]
USC00181385, [(1991, 75.54696132596685, 187.26519337016575)]
USC00182282, [(1991, 63.558904109589044, 202.6109589041096)]
USC00189140, [(1991, 72.02941176470588, 209.89253731343283)]
USC00191774, [(1991, 34.717451523545705, 138.57617728531855)]
USC00194075, [(1991, 19.719444444444445, 138.98888888888888)]
USC00194744, [(1991, 48.12328767123287, 158.67806267806267)]
USC00197627, [(1991, 38.583561643835615, 147.3890410958904)]
USC00200417, [(1991, 36.15890410958904, 134.6876712328767)]
USC00200552, [(1991, 35.21369863013699, 156.1013698630137)]
USC00200864, [(1991, 42.07671232876712, 157.26849315068492)]
USC00201800, [(1991, -58.10909090909091, 47.367924528301884)]
USC00202631, [(1991, 50.7202216066482, 138.74792243767314)]
USC00203429, [(1991, 34.53972602739726, 151.57534246575344)]
USC00203477, [(1991, 65.24725274725274, 160.0054945054945)]
USC00203585, [(1991, 39.53972602739726, 129.2219178082192)]
USC00205097, [(1991, 24.263013698630136, 143.9041095890411)]
USC00205637, [(1991, 79.9271523178808, 190.52980132450332)]
USC00206507, [(1991, 33.06027397260274, 120.65753424657534)]
USC00207350, [(1991, 36.775577557755774, 143.5775577557756)]
USC00210287, [(1991, 19.972602739726028, 118.74794520547945)]
USC00210515, [(1991, -14.315068493150685, 108.79452054794521)]
USC00210746, [(1991, -9.318181818181818, 131.89456869009584)]
USC00211691, [(1991, 19.687671232876713, 127.0054794520548)]
USC00213290, [(1991, 21.144092219020173, 125.1907514450867)]
USC00214106, [(1991, -23.256906077348066, 103.54972375690608)]
USC00214778, [(1991, 23.145604395604394, 135.54395604395606)]
USC00214994, [(1991, 21.912328767123288, 148.6109589041096)]
USC00216152, [(1991, 29.950617283950617, 138.5876923076923)]
USC00217502, [(1991, 0.4696132596685083, 140.99171270718233)]
USC00218429, [(1991, 19.65205479452055, 132.15068493150685)]
USC00218477, [(1991, 10.288461538461538, 135.19230769230768)]
USC00218579, [(1991, -11.173076923076923, 105.67582417582418)]
USC00218618, [(1991, 2.8370165745856353, 108.1657458563536)]
USC00219101, [(1991, -16.882191780821916, 97.27123287671233)]
USC00219170, [(1991, 18.386301369863013, 127.93972602739726)]
USC00221111, [(1991, 126.12742382271468, 229.06983240223462)]
USC00221606, [(1991, 110.29395604395604, 227.68406593406593)]
USC00225062, [(1991, 110.16, 228.83381088825215)]
USC00225704, [(1991, 122.10958904109589, 250.5917808219178)]
USC00226562, [(1991, 142.4811320754717, 254.45794392523365)]
USC00226718, [(1991, 144.91436464088397, 243.05801104972375)]
USC00229439, [(1991, 120.35890410958905, 246.2821917808219)]
USC00230204, [(1991, 71.56986301369864, 196.8958904109589)]
USC00230789, [(1991, 99.44927536231884, 232.60507246376812)]
USC00231101, [(1991, 87.40934065934066, 205.52747252747253)]
USC00236045, [(1991, 102.92737430167598, 203.83565459610028)]
USC00236357, [(1991, 59.68627450980392, 183.5328947368421)]
USC00236402, [(1991, 82.48219178082192, 206.75616438356164)]
USC00236777, [(1991, 90.30061349693251, 222.59627329192546)]
USC00237398, [(1991, 65.30555555555556, 197.48888888888888)]
USC00237632, [(1991, 52.3013698630137, 194.66849315068492)]
USC00238043, [(1991, 51.62739726027397, 204.22465753424657)]
USC00238523, [(1991, 42.95054945054945, 174.62912087912088)]
USC00238571, [(1991, 74.72274143302181, 210.60124610591902)]
USC00238712, [(1991, 58.32947976878613, 194.76436781609195)]
USC00238754, [(1991, 103.68882175226587, 225.04833836858006)]
USC00240392, [(1991, -13.046703296703297, 128.65934065934067)]
USC00240743, [(1991, 12.365384615384615, 160.6904109589041)]
USC00240770, [(1991, -68.63855421686748, 82.3855421686747)]
USC00241088, [(1991, -3.1, 121.19373219373219)]
USC00241127, [(1991, 5.764383561643836, 163.51780821917808)]
USC00241169, [(1991, 4.521865889212828, 141.60174418604652)]
USC00243110, [(1991, 7.9299719887955185, 154.08403361344537)]
USC00243530, [(1991, -6.178082191780822, 145.26849315068492)]
USC00244328, [(1991, 4.6136986301369864, 123.27123287671233)]
USC00244820, [(1991, -66.31182795698925, 102.61428571428571)]
USC00245015, [(1991, 9.579831932773109, 156.812324929972)]
USC00245603, [(1991, -11.717808219178082, 121.18082191780822)]
USC00246008, [(1991, -11.467032967032967, 132.15616438356165)]
USC00246218, [(1991, -24.71191135734072, 128.3232044198895)]
USC00247034, [(1991, -4.086705202312139, 136.7159420289855)]
USC00247055, [(1991, -6.910144927536232, 123.06086956521739)]
USC00247136, [(1991, 3.129577464788732, 140.73239436619718)]
USC00247250, [(1991, 30.98994974874372, 180.45226130653268)]
USC00247265, [(1991, -13.314763231197771, 138.04444444444445)]
USC00247286, [(1991, 9.936986301369863, 151.74246575342465)]
USC00247292, [(1991, -7.099397590361446, 122.56495468277946)]
USC00247448, [(1991, -11.126027397260273, 125.77808219178083)]
USC00248324, [(1991, 1.9616438356164383, 154.2821917808219)]
USC00248597, [(1991, -8.93972602739726, 131.94520547945206)]
USC00250070, [(1991, 20.07123287671233, 165.8931506849315)]
USC00250130, [(1991, 12.924791086350975, 173.0807799442897)]
USC00250355, [(1991, 28.115068493150684, 177.0027397260274)]
USC00250760, [(1991, 51.132841328413285, 212.26937269372695)]
USC00251990, [(1991, 43.313019390581715, 178.01657458563537)]
USC00252020, [(1991, 44.28654970760234, 177.2017543859649)]
USC00255080, [(1991, 29.175824175824175, 164.50274725274724)]
USC00256385, [(1991, 18.019178082191782, 187.06575342465754)]
USC00256439, [(1991, 35.41917808219178, 184.6767123287671)]
USC00258110, [(1991, 41.71506849315068, 167.36712328767123)]
USC00258320, [(1991, 58.323287671232876, 196.85753424657534)]
USC00258755, [(1991, 40.966573816155986, 174.94444444444446)]
USC00260507, [(1991, 9.030303030303031, 155.90060240963857)]
USC00261371, [(1991, 115.58857142857143, 288.93905817174516)]
USC00261905, [(1991, -26.350684931506848, 167.8904109589041)]
USC00262229, [(1991, 20.517808219178082, 179.07671232876712)]
USC00264038, [(1991, -1.2145015105740182, 153.91185410334347)]
USC00264341, [(1991, -1.606060606060606, 165.33608815426996)]
USC00264950, [(1991, 4.552486187845304, 155.6657458563536)]
USC00265400, [(1991, -21.623626373626372, 155.42582417582418)]
USC00266252, [(1991, 28.485714285714284, 152.2827868852459)]
USC00267806, [(1991, 10.961643835616439, 142.03856749311294)]
USC00267908, [(1991, 4.3890577507598785, 189.57142857142858)]
USC00268202, [(1991, 31.02191780821918, 180.06027397260274)]
USC00268346, [(1991, -109.25806451612904, 27.580645161290324)]
USC00272999, [(1991, -29.515068493150686, 96.73972602739725)]
USC00274556, [(1991, -7.3123287671232875, 125.6)]
USC00275702, [(1991, 36.509641873278234, 158.04683195592287)]
USC00276818, [(1991, 1.4230769230769231, 106.56593406593407)]
USC00278612, [(1991, -4.736986301369863, 135.4027397260274)]
USC00278972, [(1991, 19.619834710743802, 146.47658402203857)]
USC00280907, [(1991, 58.172602739726024, 177.9808219178082)]
USC00281351, [(1991, 93.52054794520548, 187.26575342465753)]
USC00281582, [(1991, 44.21643835616438, 174.83835616438355)]
USC00284987, [(1991, 82.72346368715084, 182.9388888888889)]
USC00285728, [(1991, 67.2931506849315, 201.3041095890411)]
USC00287936, [(1991, 82.87945205479453, 191.07123287671232)]
USC00288644, [(1991, 38.247252747252745, 170.97802197802199)]
USC00290417, [(1991, 56.775342465753425, 244.96986301369864)]
USC00290525, [(1991, 43.227397260273975, 230.46027397260275)]
USC00290858, [(1991, 46.68458781362007, 220.56363636363636)]
USC00291647, [(1991, 5.073239436619718, 182.1606648199446)]
USC00292436, [(1991, 53.395953757225435, 234.0549132947977)]
USC00292820, [(1991, 39.204081632653065, 178.1478260869565)]
USC00293225, [(1991, 38.72875816993464, 236.34313725490196)]
USC00293294, [(1991, 58.43287671232877, 220.29041095890412)]
USC00293855, [(1991, 41.02191780821918, 262.0082191780822)]
USC00294719, [(1991, 38.61513157894737, 214.8059210526316)]
USC00296804, [(1991, 49.231884057971016, 218.73333333333332)]
USC00297323, [(1991, -43.57260273972603, 126.05205479452054)]
USC00297386, [(1991, 1.0189274447949528, 219.77672955974842)]
USC00299660, [(1991, 91.93093922651934, 236.77624309392266)]
USC00300785, [(1991, 18.60164835164835, 116.00549450549451)]
USC00301595, [(1991, 37.22754491017964, 150.75149700598803)]
USC00301799, [(1991, 39.8, 145.87671232876713)]
USC00302627, [(1991, 32.657534246575345, 160.2082191780822)]
USC00303464, [(1991, 79.81643835616438, 161.22739726027396)]
USC00304796, [(1991, 41.03313253012048, 156.0870870870871)]
USC00304808, [(1991, 2.3421052631578947, 118.95394736842105)]
USC00305840, [(1991, 51.06301369863014, 155.1917808219178)]
USC00306164, [(1991, 38.93150684931507, 132.88219178082193)]
USC00306659, [(1991, 27.501492537313432, 138.45373134328358)]
USC00307514, [(1991, 48.20168067226891, 150.88857938718664)]
USC00308600, [(1991, 44.94886363636363, 157.9119318181818)]
USC00308906, [(1991, 39.6958904109589, 166.05753424657533)]
USC00309047, [(1991, 28.202216066481995, 168.7562326869806)]
USC00310901, [(1991, 61.532033426183844, 150.52646239554318)]
USC00311441, [(1991, 59.778443113772454, 185.188622754491)]
USC00311564, [(1991, 57.89969604863222, 193.1854103343465)]
USC00311624, [(1991, 50.92328767123288, 186.95068493150686)]
USC00312500, [(1991, 101.61643835616438, 226.07397260273973)]
USC00312515, [(1991, 103.41369863013699, 228.97808219178083)]
USC00312719, [(1991, 112.47123287671234, 228.53424657534248)]
USC00313976, [(1991, 86.94520547945206, 201.47123287671232)]
USC00314684, [(1991, 106.01917808219179, 231.17808219178082)]
USC00314996, [(1991, 96.01095890410959, 219.4986301369863)]
USC00315743, [(1991, 92.54787234042553, 211.77659574468086)]
USC00315830, [(1991, 135.92054794520547, 234.24109589041095)]
USC00316256, [(1991, 76.18904109589042, 211.63561643835615)]
USC00317924, [(1991, 91.52197802197803, 221.45054945054946)]
USC00323207, [(1991, 34.90419161676647, 161.62874251497007)]
USC00323309, [(1991, 5.4520547945205475, 127.07397260273973)]
USC00323594, [(1991, 8.131506849315068, 110.22465753424657)]
USC00325754, [(1991, 5.350828729281768, 135.0939226519337)]
USC00326015, [(1991, 9.732193732193732, 144.55492957746478)]
USC00327311, [(1991, 7.816438356164384, 144.33972602739726)]
USC00327461, [(1991, 1.4595375722543353, 125.96491228070175)]
USC00327704, [(1991, -13.851648351648352, 115.4478021978022)]
USC00328913, [(1991, -29.18904109589041, 114.74794520547945)]
USC00331550, [(1991, 75.86813186813187, 188.67307692307693)]
USC00331592, [(1991, 66.39502762430939, 181.69146005509643)]
USC00332651, [(1991, 71.16438356164383, 193.16438356164383)]
USC00333029, [(1991, 83.13150684931507, 207.52328767123288)]
USC00333500, [(1991, 63.893150684931506, 182.2027397260274)]
USC00334874, [(1991, 53.31161473087819, 164.8441926345609)]
USC00335894, [(1991, 52.035616438356165, 178.5945205479452)]
USC00338552, [(1991, 56.58904109589041, 167.95342465753424)]
USC00338822, [(1991, 60.71232876712329, 167.86575342465753)]
USC00338951, [(1991, 69.32602739726028, 189.9753424657534)]
USC00340184, [(1991, 105.12054794520547, 230.1260273972603)]
USC00340292, [(1991, 118.7465564738292, 231.6611570247934)]
USC00340394, [(1991, 121.72121212121212, 239.1090909090909)]
USC00340535, [(1991, 94.5989010989011, 220.57967032967034)]
USC00341243, [(1991, 79.31232876712329, 242.35890410958905)]
USC00341684, [(1991, 106.9072463768116, 226.6550724637681)]
USC00341750, [(1991, 102.0986301369863, 230.51232876712328)]
USC00342818, [(1991, 101.85236768802228, 220.10555555555555)]
USC00343358, [(1991, 77.33516483516483, 228.3186813186813)]
USC00343628, [(1991, 52.25479452054795, 214.72876712328767)]
USC00343871, [(1991, 74.73698630136987, 216.42465753424656)]
USC00344249, [(1991, 87.20930232558139, 240.2231884057971)]
USC00344384, [(1991, 119.56712328767124, 236.9890410958904)]
USC00344567, [(1991, 93.53412462908013, 214.38278931750742)]
USC00344573, [(1991, 85.08767123287672, 234.27397260273972)]
USC00345713, [(1991, 105.30684931506849, 233.9146005509642)]
USC00346130, [(1991, 105.25277777777778, 227.725)]
USC00346139, [(1991, 73.98342541436465, 217.71546961325967)]
USC00347327, [(1991, 97.14794520547945, 231.80547945205478)]
USC00347579, [(1991, 78.07476635514018, 219.72360248447205)]
USC00348380, [(1991, 112.46301369863014, 224.46027397260275)]
USC00350189, [(1991, 47.33714285714286, 161.96285714285713)]
USC00350471, [(1991, 67.77808219178083, 161.63561643835615)]
USC00350858, [(1991, 54.61917808219178, 187.61369863013698)]
USC00351836, [(1991, 57.89041095890411, 174.25205479452055)]
USC00351902, [(1991, 48.51381215469613, 170.47790055248618)]
USC00352415, [(1991, -4.35068493150685, 164.06575342465754)]
USC00354098, [(1991, 31.936363636363637, 162.88484848484848)]
USC00355055, [(1991, 32.07945205479452, 195.26575342465753)]
USC00355142, [(1991, 32.446575342465756, 173.53698630136986)]
USC00356243, [(1991, -1.5710227272727273, 142.13920454545453)]
USC00356366, [(1991, 63.70958904109589, 152.52328767123288)]
USC00356405, [(1991, 41.69041095890411, 181.7917808219178)]
USC00356426, [(1991, 6.582644628099174, 165.544)]
USC00356540, [(1991, 32.391780821917806, 177.3095890410959)]
USC00357554, [(1991, 3.378082191780822, 145.45205479452054)]
USC00357641, [(1991, 70.60220994475138, 151.69337016574585)]
USC00358466, [(1991, 45.723287671232875, 154.06301369863013)]
USC00358634, [(1991, 71.33038348082596, 183.201166180758)]
USC00362108, [(1991, 64.96143250688705, 177.90633608815426)]
USC00362183, [(1991, 49.782467532467535, 183.17948717948718)]
USC00363488, [(1991, 80.28296703296704, 197.6821917808219)]
USC00363662, [(1991, 51.37800687285223, 196.6254295532646)]
USC00363758, [(1991, 27.720547945205478, 158.42191780821918)]
USC00364019, [(1991, 84.88493150684931, 185.4849315068493)]
USC00364214, [(1991, 49.986301369863014, 172.55342465753424)]
USC00364385, [(1991, 70.52994011976048, 201.9550898203593)]
USC00364763, [(1991, 70.07123287671233, 182.38082191780822)]
USC00364778, [(1991, 69.06301369863014, 192.76986301369863)]
USC00365390, [(1991, 104.07462686567165, 194.02985074626866)]
USC00365573, [(1991, 60.331491712707184, 181.71546961325967)]
USC00365606, [(1991, 36.175342465753424, 163.43287671232878)]
USC00366194, [(1991, 35.78356164383562, 201.06575342465754)]
USC00366233, [(1991, 43.395604395604394, 172.53571428571428)]
USC00366689, [(1991, 60.297222222222224, 191.73684210526315)]
USC00367409, [(1991, 45.25479452054795, 167.45753424657534)]
USC00380165, [(1991, 98.60726072607261, 238.31683168316832)]
USC00383468, [(1991, 134.36994219653178, 246.35838150289018)]
USC00383906, [(1991, 130.03370786516854, 252.00274725274724)]
USC00385493, [(1991, 123.10055865921788, 247.11731843575419)]
USC00385628, [(1991, 135.4459833795014, 248.88919667590028)]
USC00386153, [(1991, 143.88235294117646, 241.44137931034481)]
USC00387281, [(1991, 140.84383561643835, 244.54794520547946)]
USC00388922, [(1991, 151.37671232876713, 266.5374149659864)]
USC00389327, [(1991, 112.91066282420749, 230.12250712250713)]
USC00390128, [(1991, 36.07123287671233, 160.92602739726027)]
USC00390236, [(1991, -0.19452054794520549, 170.94246575342467)]
USC00390701, [(1991, 5.61377245508982, 136.73652694610777)]
USC00392087, [(1991, 8.590659340659341, 138.16164383561645)]
USC00392207, [(1991, 9.967032967032967, 138.61917808219178)]
USC00393857, [(1991, 21.3542600896861, 163.19196428571428)]
USC00394037, [(1991, 20.2986301369863, 139.43287671232878)]
USC00395090, [(1991, 30.990712074303406, 146.07476635514018)]
USC00395381, [(1991, 15.914835164835164, 147.38186813186815)]
USC00395456, [(1991, 8.526027397260274, 140.26301369863015)]
USC00396170, [(1991, 33.452991452991455, 165.1054131054131)]
USC00398528, [(1991, -24.81764705882353, 144.2264705882353)]
USC00401480, [(1991, 95.96164383561644, 212.7178082191781)]
USC00401663, [(1991, 74.16438356164383, 230.12328767123287)]
USC00404417, [(1991, 96.30640668523677, 214.31197771587745)]
USC00404858, [(1991, 93.61643835616438, 210.55342465753424)]
USC00404987, [(1991, 109.76986301369863, 215.47123287671232)]
USC00406274, [(1991, 106.04391891891892, 219.09121621621622)]
USC00406328, [(1991, 22.73463687150838, 117.64804469273743)]
USC00406340, [(1991, 74.44767441860465, 193.38372093023256)]
USC00406619, [(1991, 78.10084033613445, 204.0672268907563)]
USC00406829, [(1991, 78.30034129692832, 203.82252559726962)]
USC00407834, [(1991, 80.75890410958904, 204.0986301369863)]
USC00408179, [(1991, 82.6456043956044, 220.82417582417582)]
USC00410174, [(1991, 81.61142857142858, 232.7057142857143)]
USC00411017, [(1991, 116.52876712328766, 252.76164383561644)]
USC00411398, [(1991, 123.85344827586206, 258.257225433526)]
USC00411416, [(1991, 93.48901098901099, 282.45604395604397)]
USC00411524, [(1991, 135.02191780821917, 298.213698630137)]
USC00411800, [(1991, 127.52602739726028, 251.0849315068493)]
USC00412820, [(1991, 145.24931506849316, 258.14794520547946)]
USC00413063, [(1991, 169.25205479452055, 283.4219178082192)]
USC00413225, [(1991, 67.37534246575342, 207.23626373626374)]
USC00413420, [(1991, 116.30684931506849, 233.0054794520548)]
USC00413591, [(1991, 98.0, 257.5068493150685)]
USC00413618, [(1991, 159.31506849315068, 282.91506849315067)]
USC00413828, [(1991, 89.94246575342466, 242.5068493150685)]
USC00414098, [(1991, 60.505494505494504, 214.23626373626374)]
USC00414137, [(1991, 118.9068493150685, 247.13150684931506)]
USC00414326, [(1991, 175.09365558912387, 269.404833836858)]
USC00415013, [(1991, 78.67768595041322, 233.2396694214876)]
USC00415265, [(1991, 63.739010989010985, 224.51373626373626)]
USC00415271, [(1991, 131.21703296703296, 250.82142857142858)]
USC00415454, [(1991, 150.75890410958905, 273.78356164383564)]
USC00415658, [(1991, 99.15211267605633, 227.92394366197183)]
USC00415766, [(1991, 110.23630136986301, 240.13975155279502)]
USC00416108, [(1991, 89.35197368421052, 229.47697368421052)]
USC00416135, [(1991, 47.15211267605634, 223.64225352112675)]
USC00416177, [(1991, 128.9808219178082, 248.0109589041096)]
USC00416636, [(1991, 114.78678678678679, 246.00900900900902)]
USC00416792, [(1991, 106.97534246575343, 245.48767123287672)]
USC00417074, [(1991, 62.44057971014493, 224.7536231884058)]
USC00417140, [(1991, 180.23863636363637, 258.5439093484419)]
USC00417215, [(1991, 140.53698630136986, 271.627397260274)]
USC00417533, [(1991, 168.16101694915255, 264.0734463276836)]
USC00417677, [(1991, 173.74794520547945, 270.47123287671235)]
USC00417743, [(1991, 107.6986301369863, 241.3846153846154)]
USC00418160, [(1991, 146.41714285714286, 248.46285714285713)]
USC00418169, [(1991, 151.04986149584488, 260.1385041551247)]
USC00418910, [(1991, 108.50485436893204, 223.88673139158576)]
USC00419207, [(1991, 130.47123287671232, 243.9753424657534)]
USC00419417, [(1991, 131.6027397260274, 243.7780821917808)]
USC00419588, [(1991, 177.4082191780822, 291.3095890410959)]
USC00419966, [(1991, 101.55192878338279, 269.4718100890208)]
USC00420788, [(1991, 22.88855421686747, 191.710843373494)]
USC00421163, [(1991, 41.5068870523416, 161.63636363636363)]
USC00421907, [(1991, 16.27358490566038, 181.76190476190476)]
USC00422561, [(1991, -19.128133704735376, 176.29805013927577)]
USC00422852, [(1991, 43.31272727272727, 186.63486842105263)]
USC00422996, [(1991, 0.962536023054755, 172.0720461095101)]
USC00423980, [(1991, 87.87345679012346, 228.29012345679013)]
USC00425402, [(1991, 13.506849315068493, 155.6958904109589)]
USC00425654, [(1991, 1.2244897959183674, 189.58775510204083)]
USC00425837, [(1991, -6.0085470085470085, 158.3613445378151)]
USC00427064, [(1991, 38.136986301369866, 185.42465753424656)]
USC00427559, [(1991, -7.002754820936639, 106.73204419889503)]
USC00428705, [(1991, 40.28133704735376, 181.50140056022408)]
USC00428828, [(1991, -33.355932203389834, 112.29378531073446)]
USC00428978, [(1991, 55.33018867924528, 223.18867924528303)]
USC00430277, [(1991, -15.631578947368421, 120.47368421052632)]
USC00435542, [(1991, 10.214285714285714, 129.88186813186815)]
USC00437054, [(1991, 13.682191780821919, 145.42739726027398)]
USC00440021, [(1991, 57.80494505494506, 199.92032967032966)]
USC00440327, [(1991, 87.18356164383562, 208.94520547945206)]
USC00442142, [(1991, 85.06906077348066, 209.51933701657458)]
USC00444128, [(1991, 64.94871794871794, 201.75091575091574)]
USC00445700, [(1991, 79.24657534246575, 200.61369863013698)]
USC00448022, [(1991, 72.2, 198.14246575342466)]
USC00448829, [(1991, 90.35342465753425, 222.9917808219178)]
USC00449186, [(1991, 46.953947368421055, 203.32565789473685)]
USC00450176, [(1991, 68.62534435261708, 147.94765840220387)]
USC00450872, [(1991, 91.79620853080569, 196.65402843601896)]
USC00451160, [(1991, 29.843835616438355, 151.09315068493152)]
USC00452030, [(1991, 45.657534246575345, 169.74246575342465)]
USC00452531, [(1991, 50.75890410958904, 166.64931506849314)]
USC00452675, [(1991, 76.35890410958905, 156.0191780821918)]
USC00453320, [(1991, 66.13424657534246, 141.92328767123288)]
USC00454748, [(1991, 63.605479452054794, 143.78630136986303)]
USC00454769, [(1991, 61.11232876712329, 165.12328767123287)]
USC00455231, [(1991, 67.22739726027397, 177.186301369863)]
USC00455840, [(1991, 56.843835616438355, 141.26301369863015)]
USC00456914, [(1991, 50.605479452054794, 151.94794520547944)]
USC00457319, [(1991, 56.96638655462185, 149.8619718309859)]
USC00459074, [(1991, 58.208333333333336, 175.5861111111111)]
USC00459200, [(1991, 38.751381215469614, 182.41712707182322)]
USC00460355, [(1991, 72.15060240963855, 188.9131736526946)]
USC00461591, [(1991, 17.377777777777776, 133.89166666666668)]
USC00461900, [(1991, 21.378947368421052, 113.14035087719299)]
USC00462920, [(1991, 61.23561643835617, 180.47671232876712)]
USC00465365, [(1991, 89.15068493150685, 209.92328767123288)]
USC00467018, [(1991, 71.40273972602739, 175.13972602739727)]
USC00467552, [(1991, 63.835443037974684, 194.45396825396824)]
USC00468308, [(1991, 29.876033057851238, 118.35261707988981)]
USC00469436, [(1991, 23.865753424657534, 197.21917808219177)]
USC00470642, [(1991, 77.09554140127389, 208.1656050955414)]
USC00473174, [(1991, -17.15126050420168, 126.25210084033614)]
USC00473471, [(1991, 3.741839762611276, 139.198224852071)]
USC00473654, [(1991, 11.723287671232876, 130.93150684931507)]
USC00473756, [(1991, 26.306849315068494, 136.18356164383562)]
USC00475091, [(1991, 22.88186813186813, 125.91232876712328)]
USC00475808, [(1991, 4.572602739726028, 130.76712328767124)]
USC00477158, [(1991, 16.738775510204082, 152.2734693877551)]
USC00477725, [(1991, 42.96153846153846, 136.9065934065934)]
USC00480206, [(1991, -14.556195965417867, 134.97406340057637)]
USC00480695, [(1991, -59.34426229508197, 133.327868852459)]
USC00480740, [(1991, -3.8273972602739725, 146.95342465753424)]
USC00480761, [(1991, -24.988636363636363, 139.36647727272728)]
USC00481610, [(1991, -26.52054794520548, 121.93698630136986)]
USC00481775, [(1991, -9.343406593406593, 154.56043956043956)]
USC00482375, [(1991, -100.3972602739726, 85.16438356164383)]
USC00483170, [(1991, -69.82371794871794, 118.42122186495178)]
USC00485345, [(1991, -81.70538243626062, 73.20113314447592)]
USC00486845, [(1991, -76.46388888888889, 99.01939058171745)]
USC00488315, [(1991, -91.64985994397759, 100.15406162464986)]
USC00488858, [(1991, -29.46978021978022, 140.7087912087912)]
USC00500252, [(1991, 13.828703703703704, 50.56018518518518)]
USC00500396, [(1991, -144.34794520547945, -13.347945205479451)]
USC00501977, [(1991, -124.58823529411765, -5.126050420168068)]
USC00502730, [(1991, -36.83969465648855, 77.19847328244275)]
USC00503198, [(1991, 38.82335329341317, 93.59281437125749)]
USC00503933, [(1991, -22.767164179104476, 77.75223880597015)]
USC00504155, [(1991, 28.0, 140.66666666666666)]
USC00504425, [(1991, -22.162576687116566, 70.03658536585365)]
USC00505757, [(1991, -77.0672514619883, 61.08771929824562)]
USC00505778, [(1991, -82.22191780821917, 28.556164383561644)]
USC00506147, [(1991, -94.63085399449035, 14.432506887052341)]
USC00506777, [(1991, -74.14520547945206, 46.654794520547945)]
USC00506870, [(1991, -22.517808219178082, 72.20547945205479)]
USC00508625, [(1991, -97.98904109589041, 40.33150684931507)]
USC00509861, [(1991, -42.82222222222222, 55.321917808219176)]
USC00510242, [(1991, 210.54807692307693, 267.8695652173913)]
USC00511004, [(1991, 77.86538461538461, 166.46428571428572)]
USC00515000, [(1991, 133.5072463768116, 223.88695652173914)]
USC00518600, [(1991, 191.76489028213166, 276.77846153846156)]
USC00519629, [(1991, 195.80478087649402, 290.7649402390438)]
USR0000ACAR, [(1991, 55.3974358974359, 157.8846153846154)]
USR0000AFLG, [(1991, -12.2, 200.93150684931507)]
USR0000AGOO, [(1991, 86.43835616438356, 241.16164383561645)]
USR0000AHEL, [(1991, -94.77222222222223, 1.4555555555555555)]
USR0000AINN, [(1991, -41.21328671328671, 33.24125874125874)]
USR0000ALIM, [(1991, 48.33608815426997, 162.34159779614325)]
USR0000AMUL, [(1991, 90.69589041095891, 235.5917808219178)]
USR0000APOO, [(1991, -1.4568527918781726, 83.79695431472081)]
USR0000ASTA, [(1991, 137.2986301369863, 260.6082191780822)]
USR0000ATHO, [(1991, 71.76923076923077, 132.05982905982907)]
USR0000BUES, [(1991, 68.61504424778761, 216.17256637168143)]
USR0000CASC, [(1991, -13.51027397260274, 183.6335616438356)]
USR0000CDOY, [(1991, 20.676880222841227, 186.2590529247911)]
USR0000CGRA, [(1991, 93.71, 173.21)]
USR0000CJAC, [(1991, 30.142201834862384, 204.14678899082568)]
USR0000CLAP, [(1991, 34.035928143712574, 229.85029940119762)]
USR0000CLHO, [(1991, 49.26027397260274, 206.04109589041096)]
USR0000CMAR, [(1991, 51.49589041095891, 174.37260273972603)]
USR0000CMET, [(1991, 98.58303886925795, 184.3992932862191)]
USR0000CMID, [(1991, 43.25, 166.22)]
USR0000COAM, [(1991, 93.02380952380952, 233.34126984126985)]
USR0000CQUI, [(1991, 18.594520547945205, 228.35068493150686)]
USR0000CSAL, [(1991, -15.408219178082192, 129.97260273972603)]
USR0000CTAN, [(1991, 101.56712328767124, 219.72602739726028)]
USR0000CTUO, [(1991, -54.72054794520548, 119.65479452054795)]
USR0000ENSI, [(1991, 61.68219178082192, 139.1205479452055)]
USR0000IBEA, [(1991, 20.485714285714284, 153.1095238095238)]
USR0000IGET, [(1991, -6.6876712328767125, 105.06301369863014)]
USR0000IHSB, [(1991, 25.756164383561643, 159.4986301369863)]
USR0000IMAU, [(1991, 9.021917808219179, 106.87397260273973)]
USR0000IMUD, [(1991, -33.26027397260274, 134.1260273972603)]
USR0000ITEA, [(1991, -25.491961414790996, 101.44372990353698)]
USR0000IWIR, [(1991, 56.15068493150685, 146.1068493150685)]
USR0000MBAD, [(1991, 15.702857142857143, 190.7942857142857)]
USR0000MBSM, [(1991, 24.055555555555557, 134.53801169590642)]
USR0000MKNO, [(1991, 21.42485549132948, 148.80057803468208)]
USR0000NBIG, [(1991, 154.35342465753425, 273.958904109589)]
USR0000NSPM, [(1991, 12.413698630136986, 148.8904109589041)]
USR0000OBLU, [(1991, 5.1287671232876715, 145.02739726027397)]
USR0000OBOR, [(1991, 26.43213296398892, 175.54570637119113)]
USR0000OBRO, [(1991, -1.2438356164383562, 150.66027397260274)]
USR0000OBUC, [(1991, 16.903846153846153, 129.6620879120879)]
USR0000OCAM, [(1991, -13.09041095890411, 158.25753424657535)]
USR0000OEDE, [(1991, 65.84530386740332, 356.78453038674036)]
USR0000OFIE, [(1991, 14.23076923076923, 87.06410256410257)]
USR0000OHAW, [(1991, 191.71506849315068, 440.2849315068493)]
USR0000OLAV, [(1991, 7.432876712328767, 143.75342465753425)]
USR0000OMCP, [(1991, 51.61095890410959, 141.47671232876712)]
USR0000OTRO, [(1991, 56.487671232876714, 192.07945205479453)]
USR0000OWCR, [(1991, 74.21408450704226, 200.79154929577464)]
USR0000OWIL, [(1991, 75.64179104477611, 186.36940298507463)]
USR0000VERN, [(1991, 8.402739726027397, 164.48219178082192)]
USR0000WCAN, [(1991, 52.80769230769231, 123.92582417582418)]
USR0000WCOU, [(1991, 40.89164086687307, 117.76160990712074)]
USS0005G04S, [(1991, -74.18681318681318, 86.73901098901099)]
USS0005J37S, [(1991, -60.4010989010989, 66.33791208791209)]
USS0005M07S, [(1991, -29.087671232876712, 100.06301369863014)]
USS0005M13S, [(1991, -95.24489795918367, 22.489795918367346)]
USS0006J09S, [(1991, -50.39193083573487, 115.70689655172414)]
USS0006J15S, [(1991, -36.367123287671234, 107.82739726027397)]
USS0006N14S, [(1991, -36.00821917808219, 83.64383561643835)]
USS0007E34S, [(1991, -55.36164383561644, 72.18630136986302)]
USS0007H04S, [(1991, -33.93698630136986, 122.30958904109589)]
USS0007K01S, [(1991, -35.96986301369863, 108.45753424657535)]
USS0007M05S, [(1991, -72.18082191780822, 133.5150684931507)]
USS0007M11S, [(1991, -41.43370165745856, 88.5828729281768)]
USS0007M32S, [(1991, -69.15342465753425, 75.96438356164384)]
USS0008L02S, [(1991, -2.8054794520547945, 166.18082191780823)]
USS0009C01S, [(1991, -42.843835616438355, 99.44931506849315)]
USS0009E11S, [(1991, -41.556164383561644, 52.728767123287675)]
USS0009G09S, [(1991, -96.94117647058823, 68.25588235294117)]
USS0010C06S, [(1991, -59.074380165289256, 51.68870523415978)]
USS0010J44S, [(1991, -53.68956043956044, 102.95616438356164)]
USS0011E36S, [(1991, -24.62154696132597, 87.04143646408839)]
USS0011F02S, [(1991, -32.6225352112676, 105.89196675900277)]
USS0011J01S, [(1991, -50.48626373626374, 90.00549450549451)]
USS0011J64S, [(1991, -15.25, 103.11813186813187)]
USS0011K03S, [(1991, -46.18630136986302, 106.83561643835617)]
USS0011K39S, [(1991, 0.0, 0.0)]
USS0011L05S, [(1991, -61.45753424657534, 99.54794520547945)]
USS0012B17S, [(1991, -34.62739726027397, 82.51506849315068)]
USS0012E08S, [(1991, -42.2, 76.97260273972603)]
USS0012G18S, [(1991, 8.986149584487535, 115.43490304709141)]
USS0012L04S, [(1991, -33.18282548476454, 108.1191135734072)]
USS0012M06S, [(1991, -14.263013698630138, 151.2082191780822)]
USS0013B22S, [(1991, -14.956164383561644, 119.26301369863013)]
USS0013C03S, [(1991, -48.83561643835616, 66.0986301369863)]
USS0013C39S, [(1991, -32.56438356164384, 96.9972602739726)]
USS0013D26S, [(1991, -44.87123287671233, 91.41917808219178)]
USS0013F09S, [(1991, -18.271978021978022, 110.95054945054945)]
USS0013M05S, [(1991, 50000.0, 0.0)]
USS0014F08S, [(1991, -16.872222222222224, 68.52777777777777)]
USS0014G01S, [(1991, -11.909604519774012, 102.69209039548022)]
USS0015B14S, [(1991, -7.201101928374656, 72.40220385674931)]
USS0015C16S, [(1991, -2.1378299120234603, 74.1978021978022)]
USS0015E11S, [(1991, -52.84848484848485, 106.19559228650138)]
USS0015J12S, [(1991, -5.684971098265896, 88.0635838150289)]
USS0016E10S, [(1991, -3.130311614730878, 94.28448275862068)]
USS0018D09S, [(1991, -0.6410958904109589, 111.07123287671233)]
USS0018D21S, [(1991, 3.552197802197802, 102.85714285714286)]
USS0019A02S, [(1991, -15.901369863013699, 87.87397260273973)]
USS0019K04S, [(1991, -19.863888888888887, 110.28888888888889)]
USS0019L06S, [(1991, -37.35897435897436, 119.37891737891738)]
USS0020A07S, [(1991, 2032.9085545722714, 1756.3282208588957)]
USS0020A40S, [(1991, -20.235616438356164, 69.14246575342466)]
USS0020L02S, [(1991, 7.160237388724036, 104.6094674556213)]
USS0021E05S, [(1991, -1.8104395604395604, 135.96978021978023)]
USS0022C09S, [(1991, 29.14730878186969, 109.35694050991502)]
USS0022D02S, [(1991, 34.4532967032967, 135.05205479452056)]
USS0022G14S, [(1991, 18.212707182320443, 157.77624309392266)]
USS0023B06S, [(1991, 18.621700879765395, 87.73020527859238)]
USS0023D01S, [(1991, 37.85260115606936, 116.78466076696165)]
USS0045O04S, [(1991, -79.18518518518519, -3.037037037037037)]
USW00003103, [(1991, -3.3972602739726026, 167.45753424657534)]
USW00003145, [(1991, 175.9150684931507, 313.5945205479452)]
USW00003820, [(1991, 118.9972602739726, 250.85205479452054)]
USW00003841, [(1991, 94.27123287671233, 217.16164383561645)]
USW00003856, [(1991, 112.7972602739726, 226.29041095890412)]
USW00003937, [(1991, 155.27671232876713, 250.05753424657533)]
USW00012928, [(1991, 178.16986301369863, 287.1013698630137)]
USW00013702, [(1991, 110.68862275449102, 203.28443113772454)]
USW00013723, [(1991, 100.55342465753425, 216.4904109589041)]
USW00013744, [(1991, 127.44383561643835, 244.83561643835617)]
USW00013750, [(1991, 128.9041095890411, 220.1205479452055)]
USW00013867, [(1991, 71.98904109589041, 194.95342465753424)]
USW00013873, [(1991, 117.16438356164383, 226.35890410958905)]
USW00013894, [(1991, 146.46301369863014, 251.63561643835615)]
USW00013960, [(1991, 146.0054794520548, 246.813698630137)]
USW00013969, [(1991, 100.97534246575343, 221.9013698630137)]
USW00013975, [(1991, 75.74520547945205, 221.64931506849314)]
USW00013981, [(1991, 81.66301369863014, 207.24383561643836)]
USW00013996, [(1991, 73.82191780821918, 200.53150684931506)]
USW00014737, [(1991, 65.71780821917808, 178.56164383561645)]
USW00014743, [(1991, 13.95068493150685, 130.8958904109589)]
USW00014764, [(1991, 35.16438356164384, 142.83835616438355)]
USW00014824, [(1991, 21.791780821917808, 106.92602739726027)]
USW00014839, [(1991, 55.45479452054794, 145.4191780821918)]
USW00014845, [(1991, 41.92602739726028, 140.9890410958904)]
USW00014926, [(1991, 1.7397260273972603, 121.45753424657535)]
USW00014995, [(1991, -4.517808219178082, 119.06301369863014)]
USW00022519, [(1991, 234.92280701754385, 280.2561403508772)]
USW00023023, [(1991, 99.32876712328768, 245.45205479452054)]
USW00023044, [(1991, 95.33150684931506, 249.26027397260273)]
USW00023050, [(1991, 64.17260273972603, 212.013698630137)]
USW00023065, [(1991, 40.136986301369866, 187.23561643835617)]
USW00023110, [(1991, 98.83287671232877, 260.73150684931505)]
USW00023188, [(1991, 135.16986301369863, 207.78630136986303)]
USW00023194, [(1991, 40.394520547945206, 191.90684931506848)]
USW00023233, [(1991, 86.45205479452055, 194.98356164383563)]
USW00024022, [(1991, -25.345205479452055, 123.34520547945205)]
USW00024037, [(1991, 26.397260273972602, 151.42739726027398)]
USW00024130, [(1991, -1.3287671232876712, 149.64109589041095)]
USW00024139, [(1991, -25.513812154696133, 114.28729281767956)]
USW00024145, [(1991, -1.010958904109589, 142.82739726027398)]
USW00024151, [(1991, -13.504109589041096, 158.75616438356164)]
USW00024172, [(1991, 4.654794520547945, 198.35342465753425)]
USW00024193, [(1991, 55.829201101928376, 159.14285714285714)]
USW00024232, [(1991, 57.10958904109589, 177.41095890410958)]
USW00025333, [(1991, 47.76712328767123, 98.45479452054795)]
USW00025501, [(1991, 19.67945205479452, 81.66027397260274)]
USW00025624, [(1991, 14.265753424657534, 65.18082191780822)]
USW00026617, [(1991, -59.13972602739726, 20.783561643835615)]
USW00093037, [(1991, 22.75068493150685, 167.45753424657534)]
USW00093058, [(1991, 23.610958904109587, 205.1972602739726)]
USW00093139, [(1991, 38.40659340659341, 222.65384615384616)]
USW00093193, [(1991, 106.14794520547945, 251.5013698630137)]
USW00093727, [(1991, 123.43835616438356, 237.9972602739726)]
USW00093808, [(1991, 93.15890410958905, 210.08767123287672)]
USW00093814, [(1991, 82.95890410958904, 187.34246575342465)]
USW00093820, [(1991, 88.14246575342466, 193.87123287671233)]
USW00093841, [(1991, 153.13424657534247, 253.52876712328768)]
USW00093862, [(1991, 121.10958904109589, 231.09315068493152)]
USW00093901, [(1991, 139.0986301369863, 245.9945205479452)]
USW00093985, [(1991, 121.1972602739726, 254.05479452054794)]
USW00094015, [(1991, 31.304347826086957, 182.42990654205607)]
USW00094225, [(1991, 75.71506849315068, 139.46849315068494)]
USW00094705, [(1991, 12.065753424657535, 127.05205479452054)]
USW00094789, [(1991, 93.1945205479452, 176.95616438356166)]
USW00094849, [(1991, 18.019178082191782, 130.7068493150685)]
USW00094957, [(1991, 46.848066298342545, 186.95580110497238)]
UY000086330, [(1991, 137.94642857142858, 270.5875706214689)]
UZM00038149, [(1991, 64.72608695652174, 187.4486301369863)]
UZM00038284, [(1991, 100.6304347826087, 162.83333333333334)]
UZM00038683, [(1991, 91.22592592592592, 225.04761904761904)]
UZM00038818, [(1991, 81.6078431372549, 136.975)]
VE000080413, [(1991, 191.8739726027397, 316.0301369863014)]
VEM00080407, [(1991, 249.92424242424244, 343.5131578947368)]
VEM00080428, [(1991, 217.97402597402598, 322.8)]
VEM00080440, [(1991, 214.42857142857142, 330.0)]
VEM00080476, [(1991, 249.28, 344.0066225165563)]
VQW00011624, [(1991, 220.2, 290.2)]
WA004191820, [(1991, 136.7664835164835, 287.13698630136986)]
WA007401540, [(1991, 127.07458563535911, 265.7878787878788)]
WF000917530, [(1991, 248.07945205479453, 301.5890410958904)]
WFM00091754, [(1991, 245.87083333333334, 300.10091743119267)]
