AGM00060475, [(1991, 90.18796992481202, 215.16333333333333)]
AGM00060535, [(1991, 80.44090909090909, 203.49074074074073)]
AGM00060670, [(1991, 140.72357723577235, 275.6631016042781)]
AJ000037639, [(1991, 97.2127659574468, 169.3469387755102)]
AJ000037747, [(1991, 132.7906976744186, 254.31914893617022)]
AJ000037753, [(1991, -23.4, 183.0)]
AJ000037936, [(1991, 77.13636363636364, 171.16666666666666)]
AJ000037957, [(1991, 85.1311475409836, 214.9625)]
AJ000037978, [(1991, 83.625, 174.27586206896552)]
AJ000037984, [(1991, 34.525, 108.14516129032258)]
ALE00100939, [(1991, None, 208.5785123966942)]
AM000037699, [(1991, -13.923076923076923, 93.8)]
AR000087374, [(1991, 132.5095890410959, 237.92054794520547)]
AR000087623, [(1991, 94.01095890410959, 221.62739726027397)]
AR000087692, [(1991, 88.36712328767123, 195.91780821917808)]
AR000087860, [(1991, 77.13424657534246, 179.9041095890411)]
ARM00087162, [(1991, 168.61467889908258, 293.5365853658537)]
ARM00087222, [(1991, 140.35616438356163, 298.22222222222223)]
ARM00087453, [(1991, 108.13513513513513, 233.7593984962406)]
ARM00087480, [(1991, 111.01709401709402, 248.40522875816993)]
ARM00087576, [(1991, 112.09311740890688, 239.42763157894737)]
ARM00087582, [(1991, 132.98192771084337, 214.33620689655172)]
ARM00087765, [(1991, 18.507177033492823, 149.06766917293234)]
ARM00087852, [(1991, 30.093167701863354, 140.29032258064515)]
ASN00003057, [(1991, 206.21978021978023, 323.26027397260276)]
ASN00004020, [(1991, 214.1041095890411, 365.64383561643837)]
ASN00004035, [(1991, 212.55096418732782, 348.1868131868132)]
ASN00005007, [(1991, 177.85479452054796, 321.14794520547946)]
ASN00005061, [(1991, 207.33441558441558, 325.7974276527331)]
ASN00007080, [(1991, 157.65400843881858, 307.6952789699571)]
ASN00008025, [(1991, 130.42613636363637, 272.5780346820809)]
ASN00009111, [(1991, 106.12707182320442, 228.32602739726028)]
ASN00009510, [(1991, 91.44628099173553, 221.5989010989011)]
ASN00009519, [(1991, 131.7041095890411, 210.88219178082193)]
ASN00009573, [(1991, 102.87362637362638, 204.36164383561643)]
ASN00009741, [(1991, 109.24383561643836, 206.3013698630137)]
ASN00009885, [(1991, 134.60555555555555, 222.0275482093664)]
ASN00010035, [(1991, 117.97167138810198, 257.8526912181303)]
ASN00010515, [(1991, 106.19444444444444, 254.67966573816156)]
ASN00010536, [(1991, 105.13091922005572, 238.30939226519337)]
ASN00014850, [(1991, 209.8, 346.8027397260274)]
ASN00015660, [(1991, 177.140350877193, 360.3835616438356)]
ASN00016044, [(1991, 116.4968944099379, 284.03561643835616)]
ASN00016065, [(1991, 141.5631868131868, 282.1945205479452)]
ASN00019062, [(1991, 75.12876712328767, 225.74520547945207)]
ASN00023103, [(1991, 88.0505617977528, 184.83240223463687)]
ASN00023733, [(1991, 85.89835164835165, 205.23901098901098)]
ASN00025509, [(1991, 95.01923076923077, 232.54189944134077)]
ASN00026013, [(1991, 78.99722991689751, 204.1818181818182)]
ASN00026082, [(1991, 82.83561643835617, 202.38738738738738)]
ASN00027006, [(1991, 200.8409090909091, 309.1067961165049)]
ASN00029004, [(1991, 203.66575342465754, 327.7709497206704)]
ASN00029025, [(1991, 174.825, 333.7245179063361)]
ASN00029127, [(1991, 173.6876712328767, 316.8931506849315)]
ASN00031029, [(1991, 141.32600732600733, 244.8901098901099)]
ASN00031083, [(1991, 148.0849315068493, 248.93150684931507)]
ASN00032040, [(1991, 195.45205479452054, 290.7479452054794)]
ASN00035019, [(1991, 153.45479452054795, 301.4848484848485)]
ASN00039123, [(1991, 188.77534246575343, 278.73424657534247)]
ASN00039171, [(1991, 142.9254143646409, 280.2038567493113)]
ASN00040068, [(1991, 190.0255681818182, 249.74931129476585)]
ASN00041175, [(1991, 87.45505617977528, 214.1473087818697)]
ASN00043044, [(1991, 120.72769953051643, 287.311320754717)]
ASN00045015, [(1991, 155.46575342465752, 301.2931506849315)]
ASN00047007, [(1991, 125.5, 248.3123287671233)]
ASN00048027, [(1991, 131.6986301369863, 258.94246575342464)]
ASN00052020, [(1991, 136.5, 287.1699604743083)]
ASN00056229, [(1991, 66.45251396648045, 178.09217877094972)]
ASN00058131, [(1991, 148.09150326797385, 240.3202614379085)]
ASN00061089, [(1991, 114.76098901098901, 245.0934065934066)]
ASN00061242, [(1991, 112.1013698630137, 257.2739726027397)]
ASN00061371, [(1991, 112.45238095238095, 268.3015873015873)]
ASN00063039, [(1991, 81.69722222222222, 172.35537190082644)]
ASN00065016, [(1991, 119.29962546816479, 270.46268656716416)]
ASN00065091, [(1991, 86.15934065934066, 235.31404958677686)]
ASN00067035, [(1991, 123.51780821917808, 239.54794520547946)]
ASN00068034, [(1991, 140.65625, 205.2479338842975)]
ASN00068076, [(1991, 113.81369863013698, 220.5150684931507)]
ASN00072000, [(1991, 73.46005509641873, 217.85511363636363)]
ASN00072150, [(1991, 92.62739726027397, 227.82191780821918)]
ASN00073014, [(1991, 97.28979591836735, 238.30324909747293)]
ASN00073056, [(1991, 75.62621359223301, 218.80193236714976)]
ASN00074034, [(1991, 87.1671388101983, 227.1875)]
ASN00076047, [(1991, 99.92857142857143, 239.5521978021978)]
ASN00078072, [(1991, 88.13150684931507, 215.65753424657535)]
ASN00079023, [(1991, 75.88767123287671, 213.67123287671234)]
ASN00082011, [(1991, 73.6082191780822, 215.13698630136986)]
ASN00083025, [(1991, 48.01917808219178, 182.56164383561645)]
ASN00083067, [(1991, 58.83661971830986, 210.64406779661016)]
ASN00084030, [(1991, 93.4478021978022, 201.207182320442)]
ASN00086361, [(1991, 96.1524926686217, 186.87573964497042)]
ASN00087021, [(1991, 78.76373626373626, 172.67397260273972)]
ASN00087036, [(1991, 63.71232876712329, 173.935)]
ASN00087117, [(1991, 96.64109589041095, 194.44109589041096)]
ASN00090174, [(1991, 80.54794520547945, 171.17534246575343)]
ASN00090180, [(1991, 105.65902578796562, 175.03714285714287)]
ASN00091092, [(1991, 70.37569060773481, 170.8543956043956)]
ASN00091104, [(1991, 60.5013698630137, 170.55890410958904)]
ASN00091119, [(1991, 47.942465753424656, 131.38082191780822)]
ASN00091269, [(1991, 70.39285714285714, 195.04347826086956)]
ASN00092037, [(1991, 111.77777777777777, 163.00828729281767)]
ASN00094008, [(1991, 79.25753424657535, 174.54246575342466)]
ASN00094020, [(1991, 66.59668508287292, 161.84383561643835)]
ASN00094029, [(1991, 85.81369863013698, 171.67123287671234)]
ASN00094041, [(1991, 79.8625730994152, 133.46301369863014)]
ASN00094137, [(1991, 62.6271186440678, 169.16161616161617)]
ASN00097053, [(1991, 58.36158192090395, 134.07887323943663)]
AU000005901, [(1991, 63.66027397260274, 143.64109589041095)]
AU000006306, [(1991, 46.49589041095891, 140.1068493150685)]
AYM00089054, [(1991, -55.06551724137931, -4.381818181818182)]
AYM00089642, [(1991, -56.56, -73.91608391608392)]
AYM00089657, [(1991, -92.0, -46.48)]
BGM00041859, [(1991, 203.2132701421801, 296.66367713004485)]
BL000085114, [(1991, 204.52083333333334, 324.5402298850575)]
BL000085141, [(1991, 198.3344262295082, 305.0472972972973)]
BLM00085201, [(1991, 2.47741935483871, 152.7251461988304)]
BLM00085264, [(1991, 109.03603603603604, 217.34545454545454)]
BLM00085345, [(1991, 165.0, 308.3975903614458)]
BMM00048042, [(1991, 225.8258064516129, 340.3313609467456)]
BOM00026659, [(1991, 34.640151515151516, 116.6070287539936)]
BOM00026941, [(1991, 32.43298969072165, 121.62006079027356)]
BR001657003, [(1991, 143.0, 353.0)]
BR002548005, [(1991, 188.5, 262.0)]
BR00C4-0630, [(1991, 158.96186440677965, 289.37735849056605)]
BR00E3-0520, [(1991, 165.7443181818182, 262.49333333333334)]
BR00E4-1230, [(1991, 164.79661016949152, 281.12295081967216)]
BR026393280, [(1991, 234.0, None)]
BR038484280, [(1991, 194.43333333333334, 281.27868852459017)]
BR039402250, [(1991, 227.70731707317074, 288.1111111111111)]
BR047266270, [(1991, 189.0, 279.0)]
BRM00082193, [(1991, 235.4108108108108, 314.8627450980392)]
BRM00082361, [(1991, 223.5, 333.5)]
BRM00083618, [(1991, 158.0, None)]
BUM00015614, [(1991, 30.571428571428573, 134.44274809160305)]
CA001017099, [(1991, 103.6412213740458, 171.26315789473685)]
CA001018935, [(1991, 55.46948356807512, 113.2175925925926)]
CA001021950, [(1991, 75.06849315068493, 135.31506849315068)]
CA001022436, [(1991, 39.551886792452834, 136.93396226415095)]
CA001023042, [(1991, 57.6867816091954, 138.12857142857143)]
CA001024638, [(1991, 42.97520661157025, 138.17307692307693)]
CA001026270, [(1991, 53.78630136986301, 117.01095890410959)]
CA001030230, [(1991, 39.89010989010989, 146.7032967032967)]
CA001035612, [(1991, 55.23287671232877, 144.27197802197801)]
CA001036206, [(1991, 48.38082191780822, 149.27397260273972)]
CA001036572, [(1991, 71.38356164383562, 128.2876712328767)]
CA001040R09, [(1991, 70.1086956521739, 125.8832807570978)]
CA001044840, [(1991, 74.64383561643835, 127.93150684931507)]
CA001048140, [(1991, 64.54794520547945, 134.26027397260273)]
CA001048974, [(1991, 55.6910569105691, 138.25102880658437)]
CA001057050, [(1991, 56.31232876712329, 110.17808219178082)]
CA001060080, [(1991, 64.16438356164383, 118.06849315068493)]
CA001072692, [(1991, -18.038585209003216, 63.482142857142854)]
CA001076886, [(1991, 17.273972602739725, 111.34246575342466)]
CA001085835, [(1991, -14.907407407407407, 95.85139318885449)]
CA001094616, [(1991, -11.634615384615385, 105.85635359116021)]
CA001094955, [(1991, -13.296703296703297, 101.13698630136986)]
CA001100Q7Q, [(1991, -56.30573248407644, -4.203821656050955)]
CA001108446, [(1991, 75.14689265536722, 145.91784702549575)]
CA00110EF57, [(1991, 70.28145695364239, 147.12871287128712)]
CA001113540, [(1991, 62.12396694214876, 144.98898071625345)]
CA001114743, [(1991, 53.15261044176707, 165.65040650406505)]
CA001123992, [(1991, 39.43835616438356, 147.16438356164383)]
CA001125381, [(1991, 62.29938271604938, 162.13846153846154)]
CA001125570, [(1991, -6.414790996784566, 105.15974440894568)]
CA001126077, [(1991, -14.28374655647383, 79.47513812154696)]
CA001142160, [(1991, 26.465753424657535, 136.8082191780822)]
CA001142574, [(1991, 11.753424657534246, 126.73076923076923)]
CA001145442, [(1991, 37.48546511627907, 130.67448680351907)]
CA001152102, [(1991, -0.12637362637362637, 117.45753424657535)]
CA001160670, [(1991, 6.767123287671233, 139.15068493150685)]
CA001163595, [(1991, -23.835616438356166, 104.20547945205479)]
CA001163790, [(1991, 16.647727272727273, 131.4804469273743)]
CA00116JF55, [(1991, 4.714285714285714, 110.44797687861272)]
CA001173210, [(1991, -0.3698630136986301, 112.64109589041095)]
CA001178931, [(1991, -58.3248730964467, 43.69230769230769)]
CA00117CA90, [(1991, -25.424657534246574, 37.67123287671233)]
CA001180881, [(1991, -29.27777777777778, 90.52631578947368)]
CA001181508, [(1991, -24.706849315068492, 104.14010989010988)]
CA001182285, [(1991, -37.86027397260274, 96.99178082191781)]
CA001183629, [(1991, -19.077809798270895, 104.30397727272727)]
CA001184790, [(1991, -25.03835616438356, 92.15342465753425)]
CA001203255, [(1991, -16.04014598540146, 92.48175182481752)]
CA001208202, [(1991, -55.70247933884298, 66.01369863013699)]
CA002100174, [(1991, -67.73504273504274, 60.05698005698006)]
CA002100300, [(1991, -86.6403162055336, 47.27272727272727)]
CA002100402, [(1991, -106.88461538461539, 21.476712328767125)]
CA002201700, [(1991, -162.70909090909092, -62.02985074626866)]
CA002202801, [(1991, -104.15032679738562, -7.759433962264151)]
CA002400306, [(1991, -203.2214983713355, -127.54513888888889)]
CA002400570, [(1991, -198.35911602209944, -137.14364640883977)]
CA002402346, [(1991, -177.46875, -116.38972809667673)]
CA002402730, [(1991, -172.46951219512195, -122.02898550724638)]
CA002403201, [(1991, -179.14794520547946, -103.93424657534247)]
CA002502501, [(1991, -167.77747252747253, -95.9090909090909)]
CA002503650, [(1991, -168.2528735632184, -111.71830985915493)]
CA003010616, [(1991, -44.30835734870317, 87.28197674418605)]
CA003011120, [(1991, -31.418732782369148, 100.4201680672269)]
CA003011474, [(1991, -36.79442508710802, 72.87414965986395)]
CA003011663, [(1991, 23.395061728395063, 170.3680981595092)]
CA00301C3D4, [(1991, -32.83720930232558, 108.95626822157435)]
CA00301FFNJ, [(1991, -18.211656441717793, 103.26112759643917)]
CA003020864, [(1991, -33.85964912280702, 88.6842105263158)]
CA003022400, [(1991, -13.352272727272727, 125.22662889518413)]
CA003024920, [(1991, -18.4958217270195, 100.18005540166205)]
CA003024962, [(1991, -45.55762081784387, 111.12627986348123)]
CA003026540, [(1991, -16.722689075630253, 107.0225988700565)]
CA003031658, [(1991, -10.05586592178771, 129.6969696969697)]
CA003031805, [(1991, -9.315642458100559, 110.57262569832402)]
CA003031FPF, [(1991, -14.19943820224719, 101.0252808988764)]
CA003043667, [(1991, -15.29315960912052, 127.03020134228188)]
CA003052940, [(1991, 45.833333333333336, 126.20370370370371)]
CA003053600, [(1991, -25.229885057471265, 104.25414364640883)]
CA003054845, [(1991, -54.77777777777778, 96.69971671388102)]
CA003055379, [(1991, 5.546875, 152.67175572519085)]
CA003056510, [(1991, 57.76470588235294, 138.23529411764707)]
CA003061580, [(1991, 80.18518518518519, 203.18584070796462)]
CA003062300, [(1991, 90.28301886792453, 218.36363636363637)]
CA003065000, [(1991, 60.36842105263158, 171.11111111111111)]
CA003065693, [(1991, 30.065359477124183, 176.45569620253164)]
CA003066380, [(1991, 86.21621621621621, 211.875)]
CA003066500, [(1991, 73.14960629921259, 186.5079365079365)]
CA003066710, [(1991, 63.75661375661376, 186.984126984127)]
CA003066935, [(1991, 44.81132075471698, 169.17061611374407)]
CA003070043, [(1991, 65.48076923076923, 208.66071428571428)]
CA003070970, [(1991, 66.4, 157.90849673202615)]
CA003070NLN, [(1991, 21.666666666666668, 158.9189189189189)]
CA003071150, [(1991, 106.25, 221.66666666666666)]
CA003072920, [(1991, -32.46849315068493, 90.02191780821917)]
CA003073346, [(1991, 84.0, 171.73076923076923)]
CA003074750, [(1991, 83.56589147286822, 201.65413533834587)]
CA004011980, [(1991, -24.71299093655589, 99.77744807121661)]
CA004012988, [(1991, -32.42424242424242, 83.38905775075987)]
CA004013660, [(1991, -33.41225626740947, 81.97443181818181)]
CA0040140D3, [(1991, -99.11392405063292, -1.3291139240506329)]
CA004017704, [(1991, -26.214689265536723, 97.45664739884393)]
CA004018508, [(1991, -26.187683284457478, 84.80938416422288)]
CA004018880, [(1991, -27.741046831955924, 83.80165289256199)]
CA004022936, [(1991, -23.516320474777448, 125.07142857142857)]
CA004023500, [(1991, -15.271084337349398, 123.86363636363636)]
CA004032323, [(1991, -14.647887323943662, 120.01392757660167)]
CA004038116, [(1991, -16.615598885793872, 123.11797752808988)]
CA004043246, [(1991, -41.95266272189349, 85.9789156626506)]
CA004043900, [(1991, -27.53972602739726, 99.82739726027397)]
CA004053080, [(1991, -40.160349854227405, 79.74397590361446)]
CA004064150, [(1991, -54.07671232876712, 63.21917808219178)]
CA004067576, [(1991, -56.326530612244895, 71.71388101983003)]
CA004068560, [(1991, -49.63028169014085, 74.57295373665481)]
CA005012080, [(1991, -23.36111111111111, 101.28133704735376)]
CA005012620, [(1991, -22.100313479623825, 90.14018691588785)]
CA005020720, [(1991, -37.26229508196721, 72.92880258899676)]
CA005020870, [(1991, -17.877492877492877, 96.53846153846153)]
CA005021227, [(1991, -41.416666666666664, 66.83544303797468)]
CA005021695, [(1991, -19.720670391061454, 88.19444444444444)]
CA005022043, [(1991, -50.12048192771084, 84.2042042042042)]
CA005022760, [(1991, -21.957142857142856, 101.74220963172804)]
CA005030203, [(1991, -47.917808219178085, 60.632876712328766)]
CA005030869, [(1991, 88.11111111111111, 230.66666666666666)]
CA005032162, [(1991, -26.181556195965417, 86.22562674094708)]
CA005042485, [(1991, -32.375366568914956, 84.29752066115702)]
CA005042800, [(1991, -29.258160237388726, 81.51685393258427)]
CA005043226, [(1991, -38.95894428152493, 84.51704545454545)]
CA005052880, [(1991, -47.632876712328766, 59.16712328767123)]
CA005061067, [(1991, -48.03030303030303, 44.953416149068325)]
CA005061649, [(1991, 8.455813953488372, 114.83928571428571)]
CA005062111, [(1991, -117.45989304812834, 11.226415094339623)]
CA00506B047, [(1991, -63.054794520547944, 47.54520547945206)]
CA006010738, [(1991, -64.55840455840456, 38.240112994350284)]
CA006033697, [(1991, -24.281524926686217, 85.0)]
CA006053575, [(1991, -42.55780346820809, 78.84057971014492)]
CA006057592, [(1991, -2.0, 105.61917808219178)]
CA006072460, [(1991, -74.60725075528701, 54.15407854984894)]
CA006073810, [(1991, -52.8133704735376, 92.23011363636364)]
CA006073960, [(1991, -50.57344632768361, 71.8328611898017)]
CA006073975, [(1991, -49.726027397260275, 79.75890410958904)]
CA006074209, [(1991, -28.15934065934066, 85.67123287671232)]
CA006082612, [(1991, 7.556818181818182, 120.1186943620178)]
CA006092920, [(1991, -162.59731543624162, -75.03020134228188)]
CA006101335, [(1991, 8.53185595567867, 116.86629526462396)]
CA006102808, [(1991, 26.15068493150685, 131.04395604395606)]
CA006104725, [(1991, 29.80716253443526, 129.6027397260274)]
CA006105460, [(1991, 20.840220385674932, 128.87362637362637)]
CA006105976, [(1991, 23.676712328767124, 124.28767123287672)]
CA006107182, [(1991, 53.73362445414847, 167.67391304347825)]
CA006110218, [(1991, 34.04432132963989, 138.50140056022408)]
CA006110557, [(1991, 23.676056338028168, 129.3732590529248)]
CA006115525, [(1991, 3.9835616438356163, 117.41095890410959)]
CA006116902, [(1991, 9.660056657223796, 129.19444444444446)]
CA006119500, [(1991, 28.186301369863013, 120.79178082191781)]
CA00611DR50, [(1991, -18.063583815028903, 77.71428571428571)]
CA006128323, [(1991, 23.1267217630854, 115.83102493074792)]
CA006133120, [(1991, 45.16438356164384, 139.0958904109589)]
CA006136336, [(1991, 74.37673130193906, 151.46648044692736)]
CA006136606, [(1991, 62.605633802816904, 140.6094182825485)]
CA006137362, [(1991, 46.23626373626374, 147.07988980716254)]
CA006137401, [(1991, 49.0117994100295, 145.79289940828403)]
CA006141919, [(1991, 43.00859598853868, 135.01453488372093)]
CA006145267, [(1991, 14.116022099447514, 103.38068181818181)]
CA006148120, [(1991, 48.36986301369863, 144.5205479452055)]
CA006150103, [(1991, 29.183098591549296, 134.7905027932961)]
CA006150916, [(1991, 49.14930555555556, 154.24679487179486)]
CA006151042, [(1991, 29.61218836565097, 123.26027397260275)]
CA006151090, [(1991, 91.16822429906541, 199.2289719626168)]
CA006153853, [(1991, 20.17808219178082, 130.8904109589041)]
CA006156682, [(1991, 20.163690476190474, 134.12790697674419)]
CA00615N745, [(1991, 45.53370786516854, 143.1497175141243)]
CA00616C3P9, [(1991, 22.997237569060772, 132.74861878453038)]
CA007012240, [(1991, -21.55325443786982, 90.91836734693878)]
CA007013362, [(1991, 7.348703170028818, 121.63294797687861)]
CA007017100, [(1991, -17.579250720461093, 101.69590643274854)]
CA007021840, [(1991, 14.297520661157025, 114.5303867403315)]
CA007024615, [(1991, -13.901408450704226, 106.19047619047619)]
CA007027309, [(1991, 23.433333333333334, 125.88235294117646)]
CA007027588, [(1991, 12.144846796657381, 118.29085872576178)]
CA007027660, [(1991, -22.876712328767123, 99.87671232876713)]
CA007027783, [(1991, 4.462686567164179, 116.4329268292683)]
CA007028680, [(1991, 27.22222222222222, 120.1657458563536)]
CA007028695, [(1991, -67.97202797202797, 47.88079470198676)]
CA007028890, [(1991, -25.166666666666668, 91.08695652173913)]
CA007030810, [(1991, -10.191780821917808, 112.9041095890411)]
CA007033939, [(1991, -16.14010989010989, 103.73972602739725)]
CA007035760, [(1991, 9.652777777777779, 100.47619047619048)]
CA007036063, [(1991, 24.061371841155236, 136.6)]
CA007036855, [(1991, -28.671232876712327, 100.17808219178082)]
CA007037230, [(1991, -9.097421203438396, 101.77053824362606)]
CA007038040, [(1991, -2.3351648351648353, 113.93150684931507)]
CA007042840, [(1991, -22.209631728045327, 67.5070821529745)]
CA007044292, [(1991, -15.063013698630137, 76.71780821917808)]
CA007047910, [(1991, -46.293150684931504, 53.54794520547945)]
CA007051120, [(1991, -4.237288135593221, 89.593837535014)]
CA007053649, [(1991, -39.62809917355372, 75.02747252747253)]
CA007056814, [(1991, -36.43646408839779, 72.02739726027397)]
CA007056922, [(1991, -212.09677419354838, -89.83870967741936)]
CA007056970, [(1991, -24.333333333333332, 69.83565459610028)]
CA007057090, [(1991, -16.53314917127072, 84.58677685950413)]
CA007058590, [(1991, -58.954802259887, 88.47107438016529)]
CA007063090, [(1991, -54.546783625730995, 84.69827586206897)]
CA007064998, [(1991, -45.18005540166205, 82.1878453038674)]
CA007068160, [(1991, -27.022160664819946, 94.22865013774104)]
CA007086460, [(1991, -31.63888888888889, 91.03591160220995)]
CA007091305, [(1991, -57.33802816901409, 54.07821229050279)]
CA007094026, [(1991, -59.293948126801155, 104.84709480122324)]
CA0070986RN, [(1991, -55.289256198347104, 75.87257617728532)]
CA007113534, [(1991, -109.97260273972603, -17.898630136986302)]
CA008100105, [(1991, -16.14406779661017, 100.46610169491525)]
CA008100300, [(1991, -13.273972602739725, 100.12328767123287)]
CA008101800, [(1991, 14.506849315068493, 112.32876712328768)]
CA008102151, [(1991, -8.068493150684931, 108.20547945205479)]
CA008102808, [(1991, -19.84931506849315, 105.73972602739725)]
CA008103000, [(1991, 1.5653495440729484, 120.54896142433235)]
CA008103441, [(1991, 12.438356164383562, 108.95890410958904)]
CA008103828, [(1991, 10.136986301369863, 110.41095890410959)]
CA008105520, [(1991, 3.1506849315068495, 113.10958904109589)]
CA00810M937, [(1991, 16.904109589041095, 108.83561643835617)]
CA008200989, [(1991, 18.356164383561644, 112.87671232876713)]
CA008204400, [(1991, 17.71232876712329, 110.95890410958904)]
CA008205000, [(1991, 32.516417910447764, 132.3447204968944)]
CA008205090, [(1991, 27.12876712328767, 117.21369863013699)]
CA008205192, [(1991, 31.96883852691218, 109.03954802259886)]
CA008205990, [(1991, 7.986301369863014, 116.41095890410959)]
CA008206500, [(1991, 32.83287671232877, 114.2931506849315)]
CA008400225, [(1991, 75.46218487394958, 173.70833333333334)]
CA008400414, [(1991, -15.794520547945206, 78.3013698630137)]
CA008400570, [(1991, -31.407185628742514, 70.67365269461078)]
CA008400666, [(1991, 9.342465753424657, 87.6986301369863)]
CA008400711, [(1991, -31.91780821917808, 74.89041095890411)]
CA008401251, [(1991, 61.209150326797385, 156.40522875816993)]
CA008401500, [(1991, -16.684931506849313, 75.04109589041096)]
CA008401599, [(1991, -7.7534246575342465, 57.31232876712329)]
CA008401650, [(1991, -22.048458149779737, 78.19383259911895)]
CA008402076, [(1991, 7.7534246575342465, 88.10958904109589)]
CA008402520, [(1991, -28.586301369863012, 47.59452054794521)]
CA008402874, [(1991, 3.0821917808219177, 82.01369863013699)]
CA008403060, [(1991, -23.462603878116344, 69.9041095890411)]
CA008403096, [(1991, -14.95890410958904, 66.47945205479452)]
CA008403600, [(1991, 4.863013698630137, 84.23287671232876)]
CA008403615, [(1991, 2.1534246575342464, 82.58904109589041)]
CA008403621, [(1991, -5.101156069364162, 78.20289855072464)]
CA008403690, [(1991, -24.28767123287671, 65.95890410958904)]
CA008403702, [(1991, -7.670807453416149, 89.06832298136646)]
CA008403825, [(1991, -3.2054794520547945, 88.54794520547945)]
CA008403852, [(1991, -8.794520547945206, 80.06849315068493)]
CA008502591, [(1991, -57.964383561643835, 32.15890410958904)]
CD000004756, [(1991, 218.97014925373134, 382.3333333333333)]
CE000434730, [(1991, 119.94520547945206, 202.1068493150685)]
CF000004400, [(1991, 222.75862068965517, 280.90977443609023)]
CFM00064403, [(1991, 216.80722891566265, 296.8759689922481)]
CGM00064228, [(1991, 199.0, None)]
CHM00050727, [(1991, -93.0986301369863, 44.29041095890411)]
CHM00051828, [(1991, 64.78904109589041, 187.83013698630137)]
CHM00051855, [(1991, 29.29041095890411, 187.04657534246576)]
CHM00052203, [(1991, 28.22739726027397, 184.28493150684932)]
CHM00052602, [(1991, -50.33698630136986, 122.47123287671234)]
CHM00053352, [(1991, -14.367123287671232, 121.52328767123288)]
CHM00053529, [(1991, 12.906849315068493, 148.63013698630138)]
CHM00053772, [(1991, 38.66027397260274, 170.91780821917808)]
CHM00054012, [(1991, -44.12054794520548, 82.33972602739726)]
CHM00054027, [(1991, -14.805479452054794, 122.2986301369863)]
CHM00054096, [(1991, -22.797260273972604, 89.84383561643835)]
CHM00054135, [(1991, 14.816438356164383, 127.64109589041095)]
CHM00054324, [(1991, 23.898630136986302, 156.98356164383563)]
CHM00054405, [(1991, 42.701369863013696, 162.1205479452055)]
CHM00054906, [(1991, 91.96438356164384, 193.0)]
CHM00055299, [(1991, -73.37130801687763, 77.52920962199313)]
CHM00056004, [(1991, -110.77534246575343, 52.175342465753424)]
CHM00056046, [(1991, -63.46849315068493, 69.25205479452055)]
CHM00056106, [(1991, -60.89041095890411, 105.69583333333334)]
CHM00056778, [(1991, 108.8054794520548, 207.36712328767123)]
CHM00057297, [(1991, 112.72602739726027, 198.94794520547944)]
CHM00057633, [(1991, 117.61917808219178, 188.6027397260274)]
CHM00057816, [(1991, 124.4958904109589, 195.26301369863015)]
CHM00057993, [(1991, 165.32054794520548, 239.46301369863014)]
CHM00058314, [(1991, 109.1917808219178, 202.4904109589041)]
CHM00058362, [(1991, 133.32602739726028, 194.9753424657534)]
CHM00059211, [(1991, 186.04657534246576, 277.2301369863014)]
CI000085442, [(1991, 144.21951219512195, 201.7787610619469)]
CO000080259, [(1991, 163.7342857142857, 260.53779069767444)]
COM00080028, [(1991, 240.7843137254902, 334.6030150753769)]
COM00080097, [(1991, 225.9620253164557, 322.4691358024691)]
CT000004654, [(1991, 223.85714285714286, 341.14285714285717)]
CT000004660, [(1991, 220.58333333333334, 347.3333333333333)]
DA000027080, [(1991, 60.92328767123288, 113.57808219178082)]
DA000030380, [(1991, 63.62191780821918, 123.24383561643836)]
DAM00006030, [(1991, 37.013513513513516, 129.42013888888889)]
DRM00078482, [(1991, 231.27118644067798, 309.45)]
EG000062417, [(1991, 148.41438356164383, 294.20212765957444)]
EI000003969, [(1991, 54.90684931506849, 134.62465753424658)]
ET000063533, [(1991, 140.43478260869566, None)]
FG000081405, [(1991, 230.6931506849315, 302.3917808219178)]
FIE00141925, [(1991, 46.057534246575344, 88.1972602739726)]
FIE00142030, [(1991, 19.304109589041097, 95.01095890410959)]
FIE00142261, [(1991, 18.041095890410958, 90.61643835616438)]
FIE00142756, [(1991, 2.2273972602739724, 89.47123287671234)]
FIE00143491, [(1991, 5.545205479452055, 77.05205479452054)]
FIE00144712, [(1991, -2.7616438356164386, 71.64383561643835)]
FIE00144862, [(1991, -18.624657534246577, 59.775342465753425)]
FIE00144877, [(1991, -9.728767123287671, 68.34520547945205)]
FIE00145057, [(1991, 21.74074074074074, 79.68312757201646)]
FIE00145102, [(1991, -5.197260273972603, 76.56164383561644)]
FIE00146062, [(1991, -38.880434782608695, 44.24188790560472)]
FIE00146563, [(1991, -40.50410958904109, 25.43013698630137)]
FIE00146638, [(1991, -64.6082191780822, 20.147945205479452)]
FMC00914831, [(1991, 241.4009433962264, 296.4904761904762)]
FMW00040504, [(1991, 227.5808219178082, 311.05753424657536)]
FR000007130, [(1991, 75.90958904109588, 156.16986301369863)]
FR069029001, [(1991, 77.13698630136986, 163.8986301369863)]
FRM00007434, [(1991, 76.95871559633028, 160.7305194805195)]
FRM00061998, [(1991, 19.517766497461928, 80.75)]
FSM00061997, [(1991, 24.834170854271356, 76.72916666666667)]
GB000004504, [(1991, 222.92592592592592, 298.7894736842105)]
GB000004510, [(1991, 200.4516129032258, 286.44827586206895)]
GG000037187, [(1991, None, 185.09420289855072)]
GG000037295, [(1991, 99.52542372881356, 205.85542168674698)]
GG000037334, [(1991, -130.33333333333334, -28.083333333333332)]
GG000037484, [(1991, 121.45581395348837, 183.50819672131146)]
GG000037499, [(1991, 77.48235294117647, 174.86144578313252)]
GG000037652, [(1991, 91.92857142857143, 188.44604316546761)]
GHM00065432, [(1991, 212.8846153846154, 304.06)]
GHM00065453, [(1991, 224.8448275862069, 312.30555555555554)]
GL000004360, [(1991, -36.95068493150685, 23.44109589041096)]
GM000010962, [(1991, 35.11506849315069, 99.43561643835616)]
GM009030500, [(1991, 60.92307692307692, 173.86446886446888)]
GME00102276, [(1991, 49.62465753424657, 127.4958904109589)]
GME00114621, [(1991, 8.065753424657535, 57.56164383561644)]
GMM00010305, [(1991, 66.17441860465117, 133.7550200803213)]
GMM00010368, [(1991, -4.363636363636363, 54.054054054054056)]
GMM00010449, [(1991, -13.921052631578947, 46.36)]
GMM00010542, [(1991, 48.557755775577554, 68.35)]
GMM00010557, [(1991, -32.785714285714285, 20.955555555555556)]
GMM00010671, [(1991, 48.20945945945946, 59.0)]
GMM00010704, [(1991, 65.44649446494465, 71.26573426573427)]
GMM00010875, [(1991, 29.234848484848484, 128.65123456790124)]
GP000078897, [(1991, 225.6958904109589, 308.12602739726026)]
GRE00105235, [(1991, 137.1972602739726, 200.9808219178082)]
HO000078711, [(1991, 228.67936507936508, 304.97397769516726)]
HOM00078705, [(1991, 204.76510067114094, 309.4791666666667)]
HRE00105189, [(1991, 121.25479452054795, 200.3178082191781)]
HUM00012925, [(1991, 42.31768953068592, 151.64307692307693)]
IC000004063, [(1991, 18.073972602739726, 82.04383561643836)]
ID000097560, [(1991, 239.47321428571428, 303.8939393939394)]
ID000097980, [(1991, 214.83333333333334, 315.85714285714283)]
IDM00096033, [(1991, None, 319.0)]
IDM00096075, [(1991, 201.95, 300.25)]
IDM00096237, [(1991, 230.2, 308.5483870967742)]
IDM00096933, [(1991, None, 321.5)]
IN003041800, [(1991, 194.80519480519482, 288.39130434782606)]
IN003050500, [(1991, 182.89453125, 277.35971223021585)]
IN008010200, [(1991, 48.4, 192.6)]
IN009070100, [(1991, 199.97916666666666, 305.1747211895911)]
IN011180800, [(1991, 193.31958762886597, 322.4126213592233)]
IN011351500, [(1991, 183.06545454545454, 322.4051094890511)]
IN012021700, [(1991, 201.56338028169014, 344.59774436090225)]
IN012201100, [(1991, 224.98026315789474, 311.0495356037152)]
IN020031700, [(1991, 215.69014084507043, 327.8524590163934)]
IN023351400, [(1991, 179.18378378378378, 329.5377358490566)]
IR000040745, [(1991, 84.25619834710744, 204.08287292817678)]
IR000407540, [(1991, 133.9794520547945, 228.94642857142858)]
IR000408560, [(1991, 103.77197802197803, 260.241095890411)]
IRM00040718, [(1991, 156.48760330578511, 191.05263157894737)]
IRM00040811, [(1991, 197.14102564102564, 340.1290322580645)]
ISE00105694, [(1991, 143.813698630137, 251.36986301369862)]
IT000016320, [(1991, 128.5205479452055, 200.47123287671232)]
ITE00100554, [(1991, 102.47123287671234, 178.5068493150685)]
ITM00016219, [(1991, 27.382978723404257, 95.8359375)]
ITM00016252, [(1991, 93.025, 160.84)]
ITM00016360, [(1991, 140.7551867219917, 196.82437275985663)]
ITM00016420, [(1991, 174.33663366336634, 209.13565891472868)]
ITM00016429, [(1991, 134.5219298245614, 213.40397350993376)]
ITM00016522, [(1991, 140.28440366972478, 188.75601374570448)]
ITW00033126, [(1991, 111.25753424657535, 238.8904109589041)]
IV000005548, [(1991, 203.10887096774192, 304.93357933579335)]
IV000065599, [(1991, 232.9956896551724, 292.72265625)]
JA000047401, [(1991, 45.29255319148936, 105.56026058631922)]
JA000047605, [(1991, 111.71938775510205, 190.3935860058309)]
JA000047626, [(1991, 135.86577181208054, 225.41516245487364)]
JA000047632, [(1991, 144.69230769230768, 236.04285714285714)]
JA000047653, [(1991, 156.5875, 223.84644194756555)]
JA000047668, [(1991, 231.6, 278.6)]
JA000047674, [(1991, 225.2, 263.3333333333333)]
JA000047740, [(1991, 100.1298076923077, 182.40571428571428)]
JA000047755, [(1991, 117.48756218905473, 193.0203488372093)]
JA000047761, [(1991, 197.75, 307.5)]
JA000047776, [(1991, 221.66666666666666, 270.0)]
JA000047800, [(1991, 113.61025641025641, 188.44827586206895)]
JA000047809, [(1991, 230.33333333333334, 286.375)]
JA000047815, [(1991, 123.54106280193237, 204.59375)]
JA000047821, [(1991, 189.2, 215.25)]
JA000047836, [(1991, 171.8427672955975, 226.92387543252596)]
JA000047890, [(1991, 207.25, 261.0)]
JA000047899, [(1991, 148.04166666666666, 197.13823529411764)]
JA000047971, [(1991, 216.64109589041095, 258.81369863013697)]
KE000063740, [(1991, 126.63732394366197, 254.7948717948718)]
KG000036982, [(1991, -136.06884057971016, -1.1485714285714286)]
KSM00047108, [(1991, 79.27272727272727, 170.8735632183908)]
KZ000028867, [(1991, -8.433962264150944, 100.16849816849818)]
KZ000035302, [(1991, 8.542857142857143, 128.74054054054054)]
KZ000035344, [(1991, -11.2, 143.0698689956332)]
KZ000035791, [(1991, -17.633928571428573, 134.14527027027026)]
KZ000035953, [(1991, 45.8433734939759, 166.60128617363344)]
KZ000036208, [(1991, -27.49397590361446, 105.2262996941896)]
KZ000036358, [(1991, -19.68, 93.13669064748201)]
KZ000036439, [(1991, -32.80281690140845, 83.28828828828829)]
KZ000036487, [(1991, -47.904761904761905, 96.2172131147541)]
KZ000036778, [(1991, 35.054054054054056, 153.07407407407408)]
KZ000036859, [(1991, 40.134246575342466, 180.43287671232878)]
KZ000038341, [(1991, 53.791044776119406, 175.28613569321533)]
MA000067009, [(1991, 215.2908163265306, 308.1666666666667)]
MAM00067117, [(1991, 190.26262626262627, 310.47342995169083)]
MGM00044207, [(1991, -124.30275229357798, 34.77704918032787)]
MGM00044213, [(1991, -101.4726368159204, 42.181184668989545)]
MGM00044282, [(1991, -58.42788461538461, 75.49685534591195)]
MGM00044336, [(1991, -64.93582887700535, 93.55147058823529)]
MLM00061233, [(1991, 235.6153846153846, 370.3822222222222)]
MLM00061296, [(1991, 222.880658436214, 345.2629482071713)]
MOM00060150, [(1991, 111.26041666666667, 232.24761904761905)]
MR000001437, [(1991, 225.65178571428572, 342.5596330275229)]
MRM00061492, [(1991, 242.75838926174498, 362.2875)]
MX000001018, [(1991, 101.62983425414365, 251.17808219178082)]
MX000002038, [(1991, 110.6109589041096, 235.65934065934067)]
MX000002065, [(1991, 88.42704626334519, 273.8111888111888)]
MX000007096, [(1991, 161.0, 260.8082191780822)]
MX000007108, [(1991, 171.76712328767124, 288.8082191780822)]
MX000008155, [(1991, 97.621776504298, 247.34246575342465)]
MX000008161, [(1991, 169.36986301369862, 307.1840659340659)]
MX000010009, [(1991, 141.28099173553719, 278.8082191780822)]
MX000013027, [(1991, 53.531722054380666, 215.95890410958904)]
MX000020134, [(1991, 207.02095808383234, 298.15868263473055)]
MX000023044, [(1991, 182.84931506849315, 325.041095890411)]
MX000025063, [(1991, 178.732782369146, 321.10497237569064)]
MX000026029, [(1991, 138.13186813186815, 313.6986301369863)]
MX000026077, [(1991, 129.060773480663, 320.6027397260274)]
MX000026101, [(1991, 155.7069597069597, 355.9340659340659)]
MX000026179, [(1991, 132.44505494505495, 260.0)]
MX000076393, [(1991, 199.22, 282.6269113149847)]
MXM00076243, [(1991, 154.68231046931407, 312.12626262626264)]
MXM00076258, [(1991, 153.18430034129693, 320.3264248704663)]
MXM00076723, [(1991, 212.6810035842294, 295.0498084291188)]
MXM00076750, [(1991, 221.44771241830065, 320.2435897435897)]
MY000048657, [(1991, 232.4082191780822, 317.0986301369863)]
MYM00048615, [(1991, 237.95098039215685, 316.11203319502073)]
MZ000067217, [(1991, 137.1592039800995, 241.06299212598427)]
MZM00067223, [(1991, 190.64044943820224, 290.28846153846155)]
MZM00067346, [(1991, 151.7391304347826, 284.5)]
NG000001080, [(1991, 205.97938144329896, 345.1904761904762)]
NH000091568, [(1991, 191.33928571428572, 272.6978417266187)]
NHM00091551, [(1991, 230.24894514767934, 292.2795698924731)]
NLE00101938, [(1991, 45.40547945205479, 131.3068493150685)]
NLE00102457, [(1991, 52.3041095890411, 122.74794520547945)]
NLE00102499, [(1991, 44.47123287671233, 132.60821917808218)]
NLM00006260, [(1991, 53.44931506849315, 135.3123287671233)]
NO000097250, [(1991, -61.391780821917806, 34.964383561643835)]
NOE00109394, [(1991, -17.09041095890411, 62.134246575342466)]
NOE00109514, [(1991, 5.786301369863014, 96.01095890410959)]
NZ000093292, [(1991, 91.87945205479453, 191.85479452054796)]
PAM00086218, [(1991, 177.32286995515696, 301.27672955974845)]
PEM00084474, [(1991, 212.78947368421052, 333.1058823529412)]
PEM00084534, [(1991, 193.0748299319728, 303.05128205128204)]
PK000041712, [(1991, 149.32751091703057, 305.8237885462555)]
PKM00041515, [(1991, 85.33333333333333, 86.0)]
PKM00041710, [(1991, 150.9718309859155, 305.27702702702703)]
PLM00012375, [(1991, 45.953216374269005, 141.92369477911646)]
PSC00914478, [(1991, 248.659793814433, 294.2974358974359)]
PSC00914712, [(1991, 265.9018691588785, 295.27570093457945)]
ROE00100905, [(1991, 64.94722222222222, 163.65479452054794)]
ROE00108888, [(1991, 50.38904109589041, 137.56164383561645)]
ROE00108894, [(1991, 46.295890410958904, 151.22739726027396)]
ROM00015085, [(1991, 32.3041095890411, 137.67123287671234)]
ROM00015247, [(1991, 54.84070796460177, 162.36231884057972)]
ROM00015280, [(1991, -52.87945205479452, 15.68359375)]
RP000098444, [(1991, 236.14794520547946, 305.1397260273973)]
RPM00098328, [(1991, 148.99148936170212, 244.5940170940171)]
RPM00098550, [(1991, 227.30729166666666, 303.72246696035245)]
RPM00098646, [(1991, 240.49, 310.3715415019763)]
RPW00041231, [(1991, 241.32054794520548, 326.04383561643834)]
RQC00663431, [(1991, 191.87292817679557, 300.55494505494505)]
RQC00664613, [(1991, 199.659793814433, 315.05280528052805)]
RQC00666992, [(1991, 164.23249299719888, 198.24649859943978)]
RQC00668306, [(1991, 213.46796657381614, 307.2896935933148)]
RQC00669521, [(1991, 216.07605633802817, 311.4915730337079)]
RSE00149315, [(1991, -4.895890410958904, 87.72602739726027)]
RSM00020292, [(1991, -178.04109589041096, -122.1013698630137)]
RSM00020982, [(1991, -159.25205479452055, -72.13698630136986)]
RSM00021432, [(1991, -161.04109589041096, -97.23835616438356)]
RSM00021636, [(1991, -167.42105263157896, -88.71333333333334)]
RSM00022095, [(1991, -49.75616438356165, 4.002739726027397)]
RSM00022113, [(1991, -21.28767123287671, 39.89041095890411)]
RSM00022140, [(1991, -73.8, -24.008333333333333)]
RSM00022365, [(1991, -31.391752577319586, 46.61825726141079)]
RSM00022446, [(1991, -23.78767123287671, 48.65384615384615)]
RSM00022452, [(1991, -43.43971631205674, 49.60215053763441)]
RSM00022641, [(1991, -11.158904109589042, 61.679452054794524)]
RSM00022656, [(1991, -14.412790697674419, 81.57920792079207)]
RSM00022845, [(1991, -8.865753424657534, 71.84109589041095)]
RSM00022887, [(1991, -16.13972602739726, 72.17534246575343)]
RSM00023220, [(1991, -82.2027397260274, 8.693150684931506)]
RSM00023256, [(1991, -113.85753424657534, -35.68493150684932)]
RSM00023418, [(1991, -49.61369863013699, 37.63013698630137)]
RSM00023445, [(1991, -82.74246575342465, 5.323287671232877)]
RSM00023472, [(1991, -97.36986301369863, -6.027397260273973)]
RSM00023589, [(1991, -130.65479452054794, -13.780821917808218)]
RSM00023904, [(1991, -23.997260273972604, 69.92876712328767)]
RSM00023946, [(1991, -50.12328767123287, 50.632876712328766)]
RSM00024105, [(1991, -161.73698630136985, -67.07123287671233)]
RSM00024606, [(1991, -157.86849315068494, -25.482191780821918)]
RSM00024891, [(1991, -180.1443298969072, -46.2)]
RSM00024918, [(1991, -124.98013245033113, -16.358381502890172)]
RSM00024951, [(1991, -119.4, -15.197260273972603)]
RSM00024966, [(1991, -141.04383561643834, -22.786301369863015)]
RSM00025173, [(1991, -130.93424657534246, -65.24109589041096)]
RSM00025206, [(1991, -148.82465753424657, -54.586301369863016)]
RSM00025248, [(1991, -178.0849315068493, -61.06301369863014)]
RSM00025356, [(1991, -138.96712328767123, -26.454794520547946)]
RSM00025503, [(1991, -162.2027397260274, -46.92876712328767)]
RSM00025551, [(1991, -125.14520547945206, -17.975342465753425)]
RSM00025821, [(1991, -71.54545454545455, 14.801346801346801)]
RSM00026289, [(1991, None, 13.0)]
RSM00026499, [(1991, 16.29041095890411, 94.72876712328767)]
RSM00026781, [(1991, 25.147945205479452, 93.90958904109588)]
RSM00026898, [(1991, 30.682191780821917, 100.84109589041095)]
RSM00027225, [(1991, 17.92876712328767, 89.56986301369864)]
RSM00027252, [(1991, 6.649289099526066, 107.21969696969697)]
RSM00027333, [(1991, 17.416438356164385, 90.48493150684932)]
RSM00027369, [(1991, 22.183856502242154, 109.29347826086956)]
RSM00028116, [(1991, -3.782828282828283, 83.41538461538461)]
RSM00028224, [(1991, -4.742465753424658, 77.2931506849315)]
RSM00028326, [(1991, -50.5, 127.8409090909091)]
RSM00028428, [(1991, -5.585152838427947, 103.51655629139073)]
RSM00028434, [(1991, -20.767123287671232, 83.2931506849315)]
RSM00028440, [(1991, 0.7150684931506849, 85.93972602739726)]
RSM00028449, [(1991, -35.5, 112.6923076923077)]
RSM00028659, [(1991, -24.38888888888889, 129.70689655172413)]
RSM00028704, [(1991, -2.638356164383562, 98.01917808219179)]
RSM00028710, [(1991, -81.22222222222223, 166.27083333333334)]
RSM00028719, [(1991, -6.5917808219178085, 80.72602739726027)]
RSM00028833, [(1991, -41.59178082191781, 93.5095890410959)]
RSM00028941, [(1991, -21.352941176470587, 118.92424242424242)]
RSM00029481, [(1991, -42.111111111111114, 91.75862068965517)]
RSM00029541, [(1991, -51.95342465753425, 61.95890410958904)]
RSM00029562, [(1991, -36.035532994923855, 70.84912280701755)]
RSM00029664, [(1991, -49.276712328767125, 66.03287671232877)]
RSM00029724, [(1991, -29.091324200913242, 93.19805194805195)]
RSM00029766, [(1991, -35.64021164021164, 99.67148014440433)]
RSM00030309, [(1991, -52.0, 43.293150684931504)]
RSM00030471, [(1991, -159.75342465753425, 9.221917808219178)]
RSM00030504, [(1991, -63.56438356164384, 53.55068493150685)]
RSM00030606, [(1991, -104.3012048192771, 38.968)]
RSM00030612, [(1991, -65.11232876712329, 42.915068493150685)]
RSM00030627, [(1991, -69.62739726027397, 41.30958904109589)]
RSM00030669, [(1991, -102.83495145631068, 63.37417218543046)]
RSM00030675, [(1991, -151.22292993630575, 26.058333333333334)]
RSM00030708, [(1991, -141.6822429906542, -39.846774193548384)]
RSM00030729, [(1991, -74.7124183006536, 40.98684210526316)]
RSM00030777, [(1991, -90.0931506849315, 44.3041095890411)]
RSM00030822, [(1991, -32.1013698630137, 52.83013698630137)]
RSM00030843, [(1991, -139.8181818181818, 34.93421052631579)]
RSM00030879, [(1991, -77.23287671232876, 43.72054794520548)]
RSM00030972, [(1991, -109.91390728476821, 39.67659574468085)]
RSM00031092, [(1991, -112.30684931506849, 15.402739726027397)]
RSM00031152, [(1991, -121.85479452054794, -9.178082191780822)]
RSM00031329, [(1991, -98.31506849315069, 14.27945205479452)]
RSM00031362, [(1991, -37.74794520547945, 16.76986301369863)]
RSM00031416, [(1991, -73.73698630136987, 45.5972602739726)]
RSM00031443, [(1991, -86.33698630136986, 50.5013698630137)]
RSM00031587, [(1991, -56.44711538461539, 62.30395136778115)]
RSM00031707, [(1991, -19.076712328767123, 86.79178082191781)]
RSM00031713, [(1991, -62.256410256410255, 69.29153605015674)]
RSM00031878, [(1991, -12.413978494623656, 98.81142857142858)]
RSM00031884, [(1991, 27.5, 62.235772357723576)]
RSM00031917, [(1991, -22.435897435897434, 119.43342776203966)]
RSM00031959, [(1991, 6.602739726027397, 97.26027397260275)]
RSM00032145, [(1991, 22.06027397260274, 75.09041095890412)]
RSM00034116, [(1991, 35.270992366412216, 121.92088607594937)]
RSM00034476, [(1991, 39.38356164383562, 143.05205479452056)]
RSM00035007, [(1991, 9.75068493150685, 113.88219178082191)]
RSM00035121, [(1991, 7.8493150684931505, 116.52602739726028)]
RSM00036096, [(1991, -72.42739726027398, 47.221917808219175)]
RSM00037089, [(1991, 112.24342105263158, 171.88815789473685)]
RSM00037107, [(1991, 61.775342465753425, 165.186301369863)]
RSM00037473, [(1991, 63.55555555555556, 105.44444444444444)]
SAM00040356, [(1991, 111.80272108843538, 266.859756097561)]
SAM00040362, [(1991, 156.92635658914728, 315.0627062706271)]
SAM00040377, [(1991, 174.10344827586206, 327.8885245901639)]
SAM00040437, [(1991, 172.6204620462046, 331.87632508833923)]
SAW00032502, [(1991, 199.85245901639345, 323.87619047619046)]
SE000063980, [(1991, 248.26849315068492, 302.0109589041096)]
SF000068920, [(1991, 139.36764705882354, 200.90588235294118)]
SF005547860, [(1991, 64.0, 249.0)]
SG000061641, [(1991, 212.8937728937729, 269.57085020242914)]
SHM00061902, [(1991, 230.53424657534248, 281.75616438356167)]
SIE00115066, [(1991, 16.715068493150685, 125.43835616438356)]
SIE00115126, [(1991, 51.33150684931507, 148.33424657534246)]
SIM00014015, [(1991, 54.47671232876712, 149.2821917808219)]
SP000008416, [(1991, 130.26575342465753, 219.86849315068494)]
SP000060010, [(1991, 61.445103857566764, 137.20771513353117)]
SPM00008360, [(1991, 142.74609375, 209.30927835051546)]
SU000062640, [(1991, 210.96825396825398, 377.6333333333333)]
SU000062721, [(1991, 232.84429065743944, 370.7676767676768)]
SU000062790, [(1991, 177.46666666666667, 320.3076923076923)]
SW000002590, [(1991, 46.73698630136986, 103.16986301369863)]
SW000021280, [(1991, -30.284931506849315, 62.52054794520548)]
SWE00100026, [(1991, 0.014018691588785047, 75.35)]
SWE00137628, [(1991, 56.723287671232875, 105.37808219178082)]
SWE00137736, [(1991, 65.71780821917808, 103.2931506849315)]
SWE00137784, [(1991, 31.41917808219178, 106.87671232876713)]
SWE00137838, [(1991, 43.74794520547945, 113.25753424657535)]
SWE00137910, [(1991, 58.224657534246575, 100.98904109589041)]
SWE00137988, [(1991, 31.301369863013697, 104.68219178082192)]
SWE00138228, [(1991, 24.589041095890412, 93.56712328767124)]
SWE00138402, [(1991, 17.695890410958903, 114.10958904109589)]
SWE00138486, [(1991, 39.94794520547945, 106.0931506849315)]
SWE00138504, [(1991, 38.75616438356165, 105.08493150684932)]
SWE00138594, [(1991, 48.74794520547945, 104.20821917808219)]
SWE00138606, [(1991, 44.83287671232877, 111.00821917808219)]
SWE00138756, [(1991, 24.654794520547945, 103.30684931506849)]
SWE00138798, [(1991, 39.156164383561645, 108.20821917808219)]
SWE00138864, [(1991, 34.29041095890411, 104.91506849315068)]
SWE00139038, [(1991, 2.9465875370919883, 87.88724035608308)]
SWE00139146, [(1991, 32.47671232876712, 99.67123287671232)]
SWE00139254, [(1991, 15.619047619047619, 96.78991596638656)]
SWE00139308, [(1991, 43.090090090090094, 79.87951807228916)]
SWE00139458, [(1991, 11.75068493150685, 92.86027397260274)]
SWE00139524, [(1991, -2.1452054794520548, 92.78904109589041)]
SWE00139572, [(1991, -20.09041095890411, 82.37534246575342)]
SWE00139674, [(1991, 5.002739726027397, 91.25205479452055)]
SWE00139680, [(1991, 6.684931506849315, 94.05205479452054)]
SWE00139728, [(1991, -17.03013698630137, 79.11232876712329)]
SWE00139800, [(1991, -73.63135593220339, 34.25847457627118)]
SWE00139842, [(1991, -41.53972602739726, 60.961643835616435)]
SWE00139884, [(1991, -23.195402298850574, 66.05747126436782)]
SWE00139950, [(1991, -23.687671232876713, 59.87945205479452)]
SWE00140028, [(1991, -4.6, 67.69041095890411)]
SWE00140250, [(1991, -31.59178082191781, 59.347945205479455)]
SWE00140664, [(1991, -19.19298245614035, 67.64327485380117)]
SWE00140670, [(1991, -35.64931506849315, 42.85753424657534)]
SWE00140718, [(1991, -23.40821917808219, 44.032876712328765)]
SWM00002584, [(1991, 53.24931506849315, 99.92876712328767)]
SY000040001, [(1991, 124.71780821917808, 254.14246575342466)]
SY000040022, [(1991, 161.14520547945204, 225.13424657534247)]
SZ000003700, [(1991, 54.0986301369863, 130.38082191780822)]
SZ000008440, [(1991, 59.53972602739726, 148.4794520547945)]
TH000048379, [(1991, 223.72623574144487, 337.51714285714286)]
TH000048430, [(1991, 238.06802721088437, 338.02949852507373)]
TH000048568, [(1991, 249.35068493150686, 313.16438356164383)]
TSM00060745, [(1991, 125.64906832298136, 250.678125)]
TUM00017084, [(1991, 40.846905537459286, 169.3598820058997)]
TUM00017150, [(1991, 77.39430894308943, 194.0801282051282)]
TX000038507, [(1991, 102.64383561643835, 207.80547945205478)]
TX000038750, [(1991, 123.37808219178082, 218.58904109589042)]
TX000038759, [(1991, 120.46296296296296, 221.27586206896552)]
TZ000063894, [(1991, 211.6606334841629, 309.787037037037)]
UKM00003091, [(1991, 52.4078947368421, 120.40860215053763)]
UKM00003334, [(1991, 57.54054054054054, 138.3846153846154)]
UKM00003502, [(1991, 68.80416666666666, 125.19935691318328)]
UKM00003862, [(1991, 58.81896551724138, 147.9136690647482)]
UPM00033275, [(1991, 34.503649635036496, 128.45886075949366)]
UPM00033296, [(1991, None, 263.0)]
UPM00033356, [(1991, 32.47115384615385, 133.43542435424354)]
UPM00033362, [(1991, 30.669565217391305, 134.75985663082437)]
UPM00033377, [(1991, 45.24109589041096, 121.61643835616438)]
UPM00033587, [(1991, 38.49041095890411, 121.68767123287671)]
UPM00033605, [(1991, 49.17982456140351, 133.22027972027973)]
UPM00033761, [(1991, 47.731404958677686, 142.33823529411765)]
UPM00033902, [(1991, 61.9014598540146, 158.74143302180684)]
UPM00034409, [(1991, 48.959349593495936, 145.0505415162455)]
UPM00034415, [(1991, 34.729007633587784, 145.87767584097858)]
UPM00034523, [(1991, 43.62191780821918, 141.44109589041096)]
UPM00034712, [(1991, 63.822641509433964, 138.95681063122925)]
USC00011694, [(1991, 111.40771349862258, 231.70523415977962)]
USC00012813, [(1991, 143.6958904109589, 251.82465753424657)]
USC00012840, [(1991, 101.05555555555556, 226.25555555555556)]
USC00013251, [(1991, 122.45479452054795, 240.3835616438356)]
USC00017025, [(1991, 95.0672514619883, 246.54093567251462)]
USC00018024, [(1991, 101.62464985994397, 243.08379888268158)]
USC00018438, [(1991, 123.27397260273973, 245.07123287671232)]
USC00020100, [(1991, 122.47397260273972, 299.9945205479452)]
USC00020670, [(1991, 88.56179775280899, 241.22752808988764)]
USC00020949, [(1991, 122.12054794520547, 296.66027397260274)]
USC00021330, [(1991, 70.23835616438356, 278.5342465753425)]
USC00022140, [(1991, 76.56318681318682, 227.1346153846154)]
USC00023160, [(1991, -31.846575342465755, 151.52617079889808)]
USC00023505, [(1991, 82.50877192982456, 252.8684210526316)]
USC00024675, [(1991, 77.29737609329446, 175.51461988304092)]
USC00026037, [(1991, 60.108635097493035, 205.4413407821229)]
USC00026796, [(1991, 39.26575342465753, 202.0191780821918)]
USC00027435, [(1991, 29.210526315789473, 204.69359331476323)]
USC00027462, [(1991, 128.35068493150686, 284.3972602739726)]
USC00027855, [(1991, 38.224657534246575, 184.23287671232876)]
USC00029271, [(1991, 60.143478260869564, 235.41484716157206)]
USC00030240, [(1991, 127.45664739884393, 220.6657060518732)]
USC00030798, [(1991, 98.13972602739726, 222.95068493150686)]
USC00031152, [(1991, 115.8958904109589, 234.46301369863014)]
USC00031632, [(1991, 107.72602739726027, 207.55616438356165)]
USC00032355, [(1991, 125.01917808219179, 237.4849315068493)]
USC00034185, [(1991, 140.5, 260.5732217573222)]
USC00034638, [(1991, 103.67123287671232, 223.43013698630136)]
USC00035508, [(1991, 87.86575342465754, 221.7972602739726)]
USC00037488, [(1991, 103.95054945054945, 230.66027397260274)]
USC00038052, [(1991, 116.44657534246575, 222.61917808219178)]
USC00040029, [(1991, 19.57312252964427, 170.61660079051384)]
USC00040449, [(1991, 108.76923076923077, 233.15669515669515)]
USC00040521, [(1991, 98.46458923512748, 263.7275362318841)]
USC00040983, [(1991, 140.32967032967034, 319.07438016528926)]
USC00041244, [(1991, 100.56986301369864, 251.15890410958903)]
USC00042012, [(1991, 97.1917808219178, 245.32876712328766)]
USC00042081, [(1991, 44.657534246575345, 231.82191780821918)]
USC00042771, [(1991, 64.05753424657534, 243.42465753424656)]
USC00043113, [(1991, 98.12876712328767, 241.54520547945205)]
USC00043161, [(1991, 66.13841807909604, 165.8144927536232)]
USC00043182, [(1991, -11.953068592057761, 212.77978339350182)]
USC00043791, [(1991, 12.582644628099173, 210.64609053497944)]
USC00043824, [(1991, 12.441095890410958, 206.23561643835617)]
USC00044025, [(1991, 68.47671232876712, 218.03287671232877)]
USC00044838, [(1991, 23.537974683544302, 159.79495268138803)]
USC00045378, [(1991, 79.55342465753425, 225.70958904109588)]
USC00045756, [(1991, 102.00560224089637, 242.48459383753502)]
USC00046377, [(1991, 113.3395061728395, 181.2716049382716)]
USC00047085, [(1991, -10.977142857142857, 167.991452991453)]
USC00047253, [(1991, 104.53443526170798, 234.88186813186815)]
USC00047916, [(1991, 81.38630136986302, 196.96438356164384)]
USC00048999, [(1991, 91.29801324503312, 258.82781456953643)]
USC00049035, [(1991, 127.81917808219178, 269.8958904109589)]
USC00049122, [(1991, 73.60881542699724, 230.9364640883978)]
USC00049440, [(1991, 54.0986301369863, 233.3945205479452)]
USC00049671, [(1991, 80.75757575757575, 226.7410468319559)]
USC00050214, [(1991, -15.484931506849316, 166.43561643835616)]
USC00051660, [(1991, -76.88429752066116, 65.17079889807162)]
USC00051741, [(1991, -8.791208791208792, 159.58516483516485)]
USC00052281, [(1991, -68.48493150684932, 103.7041095890411)]
USC00052965, [(1991, -54.229885057471265, 140.5977011494253)]
USC00053016, [(1991, -27.719745222929937, 143.97151898734177)]
USC00053592, [(1991, -28.32054794520548, 122.95342465753424)]
USC00054603, [(1991, 5.845303867403315, 184.29558011049724)]
USC00054726, [(1991, 41.227397260273975, 215.7972602739726)]
USC00054834, [(1991, 36.07967032967033, 213.64285714285714)]
USC00055056, [(1991, 15.909340659340659, 181.39285714285714)]
USC00055116, [(1991, 17.785123966942148, 181.89256198347107)]
USC00056136, [(1991, 15.484931506849316, 198.58904109589042)]
USC00056832, [(1991, -0.6814404432132964, 156.6759002770083)]
USC00058290, [(1991, 34.73863636363637, 197.02272727272728)]
USC00058560, [(1991, 26.175342465753424, 197.6904109589041)]
USC00058575, [(1991, -25.632231404958677, 161.38493723849373)]
USC00058839, [(1991, 5.586776859504132, 176.94490358126723)]
USC00058995, [(1991, 9.882191780821918, 194.7068493150685)]
USC00059181, [(1991, -63.45983379501385, 84.59312320916905)]
USC00062658, [(1991, 33.12602739726027, 173.45479452054795)]
USC00064488, [(1991, 31.449760765550238, 170.60576923076923)]
USC00065445, [(1991, 32.00821917808219, 133.1917808219178)]
USC00065910, [(1991, 40.14484679665738, 178.8082191780822)]
USC00075915, [(1991, 4.133333333333334, 111.97777777777777)]
USC00080211, [(1991, 165.01643835616437, 255.43287671232878)]
USC00080478, [(1991, 182.99142857142857, 289.29059829059827)]
USC00081795, [(1991, 230.1068493150685, 290.7917808219178)]
USC00081978, [(1991, 165.57142857142858, 265.4559270516717)]
USC00082008, [(1991, 148.97450424929178, 264.38810198300285)]
USC00083163, [(1991, 211.54246575342466, 286.9287671232877)]
USC00083874, [(1991, 157.13150684931506, 268.0219178082192)]
USC00084366, [(1991, 174.85793871866295, 254.3342618384401)]
USC00088782, [(1991, 177.33424657534246, 285.4876712328767)]
USC00090969, [(1991, 78.9945205479452, 203.23561643835617)]
USC00092283, [(1991, 95.9972602739726, 205.51780821917808)]
USC00092493, [(1991, 106.36164383561643, 220.98356164383563)]
USC00093465, [(1991, 148.51944444444445, 275.3833333333333)]
USC00094674, [(1991, 153.70958083832335, 270.9491017964072)]
USC00095550, [(1991, 124.30188679245283, 240.1320754716981)]
USC00096219, [(1991, 115.20642201834862, 246.06880733944953)]
USC00098496, [(1991, 133.50824175824175, 255.2032967032967)]
USC00098535, [(1991, 114.70723684210526, 258.24342105263156)]
USC00098703, [(1991, 135.76438356164383, 248.7835616438356)]
USC00099141, [(1991, 113.0958904109589, 230.27945205479452)]
USC00099291, [(1991, 111.2784090909091, 234.3778409090909)]
USC00100347, [(1991, -5.271428571428571, 137.68876080691643)]
USC00101514, [(1991, -34.06060606060606, 121.22589531680441)]
USC00103554, [(1991, -18.942465753424656, 129.9095890410959)]
USC00103932, [(1991, 24.543909348441925, 206.52285714285713)]
USC00105567, [(1991, -9.796812749003983, 160.8181818181818)]
USC00105708, [(1991, -31.662087912087912, 134.9065934065934)]
USC00106152, [(1991, 25.375342465753423, 154.86849315068494)]
USC00107673, [(1991, 3.978082191780822, 174.54407294832828)]
USC00107706, [(1991, 57.73993808049536, 191.47058823529412)]
USC00109293, [(1991, 26.628099173553718, 170.00552486187846)]
USC00109638, [(1991, -4.918918918918919, 150.1992337164751)]
USC00114603, [(1991, 41.15068493150685, 170.07123287671232)]
USC00114957, [(1991, 82.81095890410958, 192.1095890410959)]
USC00115326, [(1991, 30.912328767123288, 157.61369863013698)]
USC00115413, [(1991, 67.13972602739726, 181.4958904109589)]
USC00115515, [(1991, 78.93698630136986, 197.1123287671233)]
USC00115833, [(1991, 41.54794520547945, 163.2219178082192)]
USC00116616, [(1991, 60.06301369863014, 157.63013698630138)]
USC00117636, [(1991, 87.02739726027397, 200.2)]
USC00119241, [(1991, 69.04931506849314, 178.7068493150685)]
USC00121869, [(1991, 86.6109589041096, 202.5041095890411)]
USC00123513, [(1991, 74.45753424657535, 177.5150684931507)]
USC00124527, [(1991, 54.54794520547945, 171.38630136986302)]
USC00124662, [(1991, 50.16509433962264, 160.06572769953053)]
USC00125337, [(1991, 60.202739726027396, 167.0)]
USC00127125, [(1991, 92.7013698630137, 194.26027397260273)]
USC00127755, [(1991, 79.45054945054945, 194.05769230769232)]
USC00127959, [(1991, 75.36094674556213, 184.7941176470588)]
USC00129138, [(1991, 49.87671232876713, 165.70958904109588)]
USC00130200, [(1991, 40.983561643835614, 151.93424657534246)]
USC00130608, [(1991, 25.517808219178082, 144.57534246575344)]
USC00131277, [(1991, 46.10192837465565, 159.82596685082873)]
USC00132573, [(1991, 31.665753424657535, 144.2986301369863)]
USC00132864, [(1991, 15.667582417582418, 133.59615384615384)]
USC00133632, [(1991, 44.16164383561644, 155.81095890410958)]
USC00134502, [(1991, 56.03899721448468, 165.575)]
USC00135123, [(1991, 41.405099150141645, 163.21529745042494)]
USC00136305, [(1991, 34.46153846153846, 141.73002754820936)]
USC00136719, [(1991, 24.24931506849315, 137.05205479452056)]
USC00137664, [(1991, 12.300275482093664, 125.3168044077135)]
USC00138339, [(1991, 21.041208791208792, 133.01923076923077)]
USC00141408, [(1991, 64.10684931506849, 191.4082191780822)]
USC00141522, [(1991, 52.484931506849314, 204.5013698630137)]
USC00142602, [(1991, 62.487671232876714, 186.586301369863)]
USC00142686, [(1991, 84.30886850152905, 210.9323076923077)]
USC00142773, [(1991, 75.80833333333334, 207.73480662983425)]
USC00143100, [(1991, 45.446575342465756, 190.81917808219177)]
USC00143847, [(1991, 81.9065934065934, 218.32967032967034)]
USC00147093, [(1991, 35.333333333333336, 197.4878787878788)]
USC00148038, [(1991, 41.02465753424657, 211.38630136986302)]
USC00152214, [(1991, 98.03835616438356, 207.0082191780822)]
USC00153741, [(1991, 72.26027397260275, 207.8739726027397)]
USC00153762, [(1991, 95.21643835616439, 204.8986301369863)]
USC00155694, [(1991, 105.36438356164383, 208.07123287671232)]
USC00156117, [(1991, 99.8958904109589, 209.6931506849315)]
USC00156882, [(1991, 69.80229226361031, 208.1002865329513)]
USC00160800, [(1991, 121.88397790055248, 237.98356164383563)]
USC00161232, [(1991, 143.51296829971182, 247.87186629526462)]
USC00161565, [(1991, 153.74175824175825, 254.71428571428572)]
USC00164739, [(1991, 140.2032967032967, 241.96153846153845)]
USC00170100, [(1991, 27.102857142857143, 147.15714285714284)]
USC00171975, [(1991, -5.972602739726027, 112.64109589041095)]
USC00172620, [(1991, 23.931506849315067, 133.86849315068494)]
USC00173046, [(1991, 19.783561643835615, 137.42739726027398)]
USC00176937, [(1991, -8.221917808219178, 108.24657534246575)]
USC00178353, [(1991, -3.1002785515320332, 118.49722222222222)]
USC00181530, [(1991, 74.15693430656934, 171.5912408759124)]
USC00183348, [(1991, 97.08235294117647, 218.07418397626114)]
USC00185832, [(1991, 46.673972602739724, 152.14520547945204)]
USC00185934, [(1991, 77.09041095890412, 183.9041095890411)]
USC00189030, [(1991, 60.06027397260274, 195.43013698630136)]
USC00190860, [(1991, 53.775342465753425, 171.37534246575342)]
USC00190998, [(1991, 50.74603174603175, 184.3452380952381)]
USC00194580, [(1991, 41.153424657534245, 170.34520547945206)]
USC00196938, [(1991, 65.33424657534246, 170.25479452054793)]
USC00201780, [(1991, 11.269886363636363, 102.64)]
USC00202395, [(1991, 43.64383561643836, 150.6767123287671)]
USC00203529, [(1991, 26.513513513513512, 148.67164179104478)]
USC00204954, [(1991, 37.82282282282282, 148.2958904109589)]
USC00205452, [(1991, 41.40495867768595, 147.8236914600551)]
USC00205662, [(1991, 41.03954802259887, 145.44350282485877)]
USC00206220, [(1991, 3.638356164383562, 121.65205479452055)]
USC00207762, [(1991, 86.44262295081967, 186.80327868852459)]
USC00208680, [(1991, -8.628895184135978, 111.92307692307692)]
USC00208800, [(1991, 8.14010989010989, 140.71153846153845)]
USC00210075, [(1991, 20.68044077134986, 124.16666666666667)]
USC00211074, [(1991, -21.136871508379887, 103.19559228650138)]
USC00211107, [(1991, -33.54807692307692, 71.92307692307692)]
USC00211263, [(1991, 22.117808219178084, 137.27397260273972)]
USC00212088, [(1991, 17.122448979591837, 123.98542274052478)]
USC00212721, [(1991, 15.342465753424657, 124.22191780821917)]
USC00213051, [(1991, -48.875, 69.08333333333333)]
USC00213174, [(1991, 14.14010989010989, 124.93406593406593)]
USC00213282, [(1991, -5.03021978021978, 86.1565934065934)]
USC00213417, [(1991, -42.142857142857146, 103.1978021978022)]
USC00213567, [(1991, 23.84109589041096, 125.57808219178082)]
USC00214233, [(1991, -27.666666666666668, 94.80072463768116)]
USC00215400, [(1991, 10.745205479452055, 136.7123287671233)]
USC00215586, [(1991, 48.308411214953274, 162.14953271028037)]
USC00216795, [(1991, -21.156593406593405, 109.48626373626374)]
USC00216849, [(1991, 14.222222222222221, 158.85211267605635)]
USC00217326, [(1991, 25.364406779661017, 133.3276836158192)]
USC00218679, [(1991, -23.983425414364643, 95.3628808864266)]
USC00218907, [(1991, 16.756164383561643, 140.93698630136987)]
USC00219033, [(1991, 16.602739726027398, 125.13150684931507)]
USC00223671, [(1991, 155.23835616438356, 245.3178082191781)]
USC00223920, [(1991, 129.6958904109589, 242.25205479452055)]
USC00224265, [(1991, 96.74246575342465, 223.94246575342467)]
USC00229173, [(1991, 116.78512396694215, 229.11845730027548)]
USC00231540, [(1991, 132.47280334728035, 243.86192468619248)]
USC00231600, [(1991, 68.37465564738292, 185.0054945054945)]
USC00232302, [(1991, 72.61356932153393, 197.4470588235294)]
USC00233094, [(1991, 64.38082191780822, 202.7917808219178)]
USC00233451, [(1991, 69.25364431486881, 208.99122807017545)]
USC00233568, [(1991, 40.964383561643835, 187.4958904109589)]
USC00233838, [(1991, -26.9672131147541, 65.91803278688525)]
USC00234417, [(1991, 100.88767123287671, 217.76164383561644)]
USC00235050, [(1991, 63.75977653631285, 187.52747252747253)]
USC00237963, [(1991, 55.06849315068493, 177.6958904109589)]
USC00238515, [(1991, 79.37534246575342, 207.85479452054796)]
USC00238725, [(1991, 90.63949843260188, 205.50783699059562)]
USC00241044, [(1991, 9.821917808219178, 143.54246575342466)]
USC00241050, [(1991, -37.634078212290504, 120.01396648044692)]
USC00241470, [(1991, 15.243835616438357, 139.62191780821917)]
USC00241518, [(1991, 8.32054794520548, 140.08219178082192)]
USC00241938, [(1991, 3.2246575342465755, 164.2054794520548)]
USC00242409, [(1991, -4.846575342465753, 148.95890410958904)]
USC00242421, [(1991, -14.70958904109589, 125.3972602739726)]
USC00243570, [(1991, -16.71014492753623, 146.45323741007195)]
USC00243915, [(1991, 2.736196319018405, 177.92331288343559)]
USC00244368, [(1991, -4.5307262569832405, 149.34078212290504)]
USC00245040, [(1991, -25.166204986149584, 128.6759002770083)]
USC00245961, [(1991, 7.101369863013699, 122.33424657534246)]
USC00246615, [(1991, -68.78476821192054, 96.29470198675497)]
USC00246927, [(1991, -17.197260273972603, 134.43835616438355)]
USC00247263, [(1991, -5.206611570247934, 152.15977961432506)]
USC00247425, [(1991, -23.036931818181817, 123.27478753541077)]
USC00247560, [(1991, 10.96986301369863, 155.54794520547946)]
USC00247620, [(1991, 4.489164086687307, 158.70731707317074)]
USC00248169, [(1991, 2.882191780821918, 136.1013698630137)]
USC00248430, [(1991, -15.345205479452055, 148.47397260273974)]
USC00249240, [(1991, 43.28767123287671, 180.5041095890411)]
USC00250245, [(1991, 28.764383561643836, 181.4904109589041)]
USC00253365, [(1991, 35.76986301369863, 177.5095890410959)]
USC00253425, [(1991, 23.110803324099724, 174.62880886426592)]
USC00256167, [(1991, 29.78082191780822, 178.23013698630137)]
USC00257070, [(1991, 31.12912087912088, 185.6043956043956)]
USC00257415, [(1991, 7.335180055401662, 162.70083102493075)]
USC00258090, [(1991, 28.884931506849316, 160.4931506849315)]
USC00258915, [(1991, 39.95068493150685, 171.95342465753424)]
USC00262119, [(1991, -1.0364741641337385, 124.44648318042813)]
USC00262296, [(1991, -25.432876712328767, 165.70994475138122)]
USC00263205, [(1991, 13.787878787878787, 138.28021978021977)]
USC00263340, [(1991, 23.487671232876714, 157.5205479452055)]
USC00264651, [(1991, 106.4876712328767, 279.3013698630137)]
USC00265191, [(1991, 0.5397260273972603, 207.06849315068493)]
USC00266055, [(1991, 32.8006993006993, 226.4055944055944)]
USC00266691, [(1991, 83.58591549295775, 228.81690140845072)]
USC00267750, [(1991, -41.04956268221574, 178.75510204081633)]
USC00269229, [(1991, 26.138121546961326, 195.06043956043956)]
USC00276234, [(1991, -19.019108280254777, 116.57911392405063)]
USC00276945, [(1991, -14.112637362637363, 136.93956043956044)]
USC00290268, [(1991, 54.865753424657534, 226.73150684931508)]
USC00291063, [(1991, 36.299719887955185, 191.42016806722688)]
USC00291138, [(1991, 42.9327731092437, 249.187675070028)]
USC00291630, [(1991, -42.237037037037034, 135.07063197026022)]
USC00291813, [(1991, 6.901408450704225, 174.23446327683615)]
USC00291840, [(1991, 54.08516483516483, 223.37087912087912)]
USC00291963, [(1991, 54.43131868131868, 221.44230769230768)]
USC00292848, [(1991, 79.87397260273973, 226.78082191780823)]
USC00292854, [(1991, 65.22465753424657, 217.96438356164384)]
USC00293142, [(1991, 34.1972602739726, 180.98356164383563)]
USC00293157, [(1991, 56.101694915254235, 221.49717514124293)]
USC00293265, [(1991, 36.47527472527472, 210.66483516483515)]
USC00293577, [(1991, 47.443835616438356, 224.92602739726027)]
USC00294426, [(1991, 46.56686046511628, 232.44886363636363)]
USC00294960, [(1991, 10.016713091922005, 162.41504178272982)]
USC00295290, [(1991, 16.43213296398892, 151.60664819944597)]
USC00295560, [(1991, -37.54385964912281, 147.74269005847952)]
USC00296676, [(1991, -7.06043956043956, 157.75)]
USC00297180, [(1991, -0.5243553008595988, 179.61318051575932)]
USC00298518, [(1991, 15.835616438356164, 176.72054794520548)]
USC00298524, [(1991, -6.427397260273972, 167.88219178082193)]
USC00298668, [(1991, -9.14245810055866, 160.88826815642457)]
USC00298713, [(1991, 37.72659176029963, 202.06367041198502)]
USC00299085, [(1991, -32.18260869565217, 140.5610465116279)]
USC00299820, [(1991, -44.57971014492754, 126.64035087719299)]
USC00300093, [(1991, 23.175977653631286, 141.47191011235955)]
USC00300321, [(1991, 49.35928143712575, 158.27844311377245)]
USC00301110, [(1991, 16.04491017964072, 131.00300300300302)]
USC00301152, [(1991, 17.032846715328468, 116.41605839416059)]
USC00301401, [(1991, 18.478021978021978, 138.83516483516485)]
USC00301761, [(1991, 27.28219178082192, 160.86301369863014)]
USC00302091, [(1991, 66.22641509433963, 173.36320754716982)]
USC00302610, [(1991, 39.394520547945206, 165.53150684931506)]
USC00303354, [(1991, 55.21643835616438, 163.4958904109589)]
USC00303360, [(1991, 33.81643835616438, 134.4904109589041)]
USC00304731, [(1991, 26.947945205479453, 142.5095890410959)]
USC00305310, [(1991, 65.36312849162012, 177.00837988826817)]
USC00307134, [(1991, 83.34246575342466, 181.71506849315068)]
USC00308088, [(1991, 15.304109589041095, 161.07123287671232)]
USC00308322, [(1991, 59.983561643835614, 174.05205479452056)]
USC00308910, [(1991, 33.04109589041096, 142.01643835616437)]
USC00308946, [(1991, 81.47005988023952, 168.8626865671642)]
USC00309189, [(1991, 59.556164383561644, 150.66575342465754)]
USC00316341, [(1991, 54.81369863013698, 211.25205479452055)]
USC00317079, [(1991, 110.02739726027397, 217.15616438356165)]
USC00317400, [(1991, 105.41225626740948, 230.95543175487464)]
USC00319440, [(1991, 110.39285714285714, 224.24725274725276)]
USC00319476, [(1991, 101.62191780821918, 234.0904109589041)]
USC00320127, [(1991, 2.9917808219178084, 152.25479452054793)]
USC00322188, [(1991, -15.126027397260273, 135.93424657534246)]
USC00322605, [(1991, 14.528767123287672, 138.97260273972603)]
USC00322809, [(1991, -4.506887052341598, 126.42032967032966)]
USC00323376, [(1991, -4.473087818696884, 121.27118644067797)]
USC00324102, [(1991, -2.7341389728096677, 125.0909090909091)]
USC00325638, [(1991, -9.210958904109589, 111.14246575342466)]
USC00325710, [(1991, 5.109589041095891, 131.186301369863)]
USC00327027, [(1991, -16.07945205479452, 102.97260273972603)]
USC00328737, [(1991, -13.534246575342467, 114.23287671232876)]
USC00328872, [(1991, 5.865753424657535, 131.9917808219178)]
USC00329430, [(1991, 5.967123287671233, 142.7780821917808)]
USC00329445, [(1991, -25.561643835616437, 105.92328767123287)]
USC00331245, [(1991, 42.205479452054796, 171.86027397260273)]
USC00331515, [(1991, 102.25418060200668, 228.46153846153845)]
USC00331536, [(1991, 88.29362880886427, 189.95303867403314)]
USC00332928, [(1991, 63.44897959183673, 181.2748538011696)]
USC00336465, [(1991, 43.56944444444444, 162.65)]
USC00337857, [(1991, 61.46849315068493, 181.8794520547945)]
USC00338313, [(1991, 61.62637362637363, 168.15193370165747)]
USC00338769, [(1991, 42.22527472527472, 175.18356164383562)]
USC00339219, [(1991, 62.05769230769231, 171.7335164835165)]
USC00339312, [(1991, 57.487671232876714, 168.2958904109589)]
USC00340818, [(1991, 94.28571428571429, 220.8849315068493)]
USC00340830, [(1991, 108.54722222222222, 224.5945205479452)]
USC00340980, [(1991, 120.98351648351648, 241.5041095890411)]
USC00341445, [(1991, 95.87774294670847, 229.33229813664596)]
USC00342660, [(1991, 104.95303867403315, 224.5635359116022)]
USC00342993, [(1991, 119.42777777777778, 226.22160664819944)]
USC00343740, [(1991, 90.7972602739726, 226.58904109589042)]
USC00343821, [(1991, 108.8236914600551, 239.03030303030303)]
USC00343884, [(1991, 103.89315068493151, 226.55890410958904)]
USC00344001, [(1991, 102.51149425287356, 230.50862068965517)]
USC00345063, [(1991, 101.0, 226.38397790055248)]
USC00345522, [(1991, 99.78512396694215, 232.66666666666666)]
USC00345693, [(1991, 109.57534246575342, 236.97260273972603)]
USC00345855, [(1991, 113.94539249146757, 233.8843537414966)]
USC00346638, [(1991, 109.75068493150685, 229.07945205479453)]
USC00346935, [(1991, 92.40273972602739, 222.4082191780822)]
USC00348285, [(1991, 94.46892655367232, 221.34745762711864)]
USC00349278, [(1991, 107.6767955801105, 237.20441988950276)]
USC00349404, [(1991, 85.57808219178082, 224.6109589041096)]
USC00349629, [(1991, 82.47025495750708, 222.5593220338983)]
USC00350118, [(1991, -4.482191780821918, 174.36438356164385)]
USC00350652, [(1991, 31.45205479452055, 160.84109589041097)]
USC00350694, [(1991, 7.911845730027548, 151.79614325068871)]
USC00351897, [(1991, 45.61369863013699, 186.94794520547944)]
USC00352374, [(1991, 46.10249307479224, 173.19113573407202)]
USC00352440, [(1991, 27.79945054945055, 177.27472527472528)]
USC00353847, [(1991, -27.11864406779661, 75.98305084745763)]
USC00354060, [(1991, 1.303834808259587, 139.01769911504425)]
USC00354291, [(1991, 14.32876712328767, 176.02191780821917)]
USC00354411, [(1991, 31.134078212290504, 164.60335195530726)]
USC00355221, [(1991, 20.931506849315067, 152.5917808219178)]
USC00355641, [(1991, 30.363636363636363, 180.96418732782368)]
USC00356466, [(1991, 30.28219178082192, 157.17808219178082)]
USC00356532, [(1991, 33.21487603305785, 217.70798898071627)]
USC00356634, [(1991, 42.44931506849315, 181.26027397260273)]
USC00356655, [(1991, 43.9572192513369, 189.22994652406416)]
USC00356784, [(1991, 75.08493150684932, 163.53972602739725)]
USC00357675, [(1991, -32.36088154269972, 134.56198347107437)]
USC00358173, [(1991, 24.240997229916896, 174.31578947368422)]
USC00358797, [(1991, 11.801916932907348, 148.89776357827475)]
USC00358884, [(1991, 30.865753424657534, 157.0082191780822)]
USC00361080, [(1991, -38.32258064516129, 64.16129032258064)]
USC00361350, [(1991, 48.93424657534246, 152.12328767123287)]
USC00362574, [(1991, 57.63934426229508, 151.41803278688525)]
USC00362721, [(1991, 67.6910569105691, 208.80408163265307)]
USC00363018, [(1991, -1.8892128279883382, 121.70553935860059)]
USC00364815, [(1991, 11.62809917355372, 114.15833333333333)]
USC00364836, [(1991, 47.93043478260869, 127.84927536231883)]
USC00364992, [(1991, 57.18356164383562, 177.33972602739726)]
USC00366042, [(1991, 79.32242990654206, 216.52336448598132)]
USC00367029, [(1991, 22.252747252747252, 132.16758241758242)]
USC00367578, [(1991, 45.53179190751445, 179.52492668621701)]
USC00368184, [(1991, 27.805479452054794, 165.21917808219177)]
USC00368469, [(1991, 35.84340659340659, 165.1868131868132)]
USC00368868, [(1991, 35.98060941828255, 154.4709141274238)]
USC00369318, [(1991, 59.5989010989011, 171.13186813186815)]
USC00369933, [(1991, 62.06575342465754, 193.71506849315068)]
USC00375270, [(1991, 45.84931506849315, 160.1150684931507)]
USC00380184, [(1991, 128.56986301369864, 251.17260273972602)]
USC00380448, [(1991, 125.31908831908832, 240.67613636363637)]
USC00382386, [(1991, 114.79889807162535, 232.76243093922653)]
USC00385017, [(1991, 95.58904109589041, 235.186301369863)]
USC00386688, [(1991, 107.74789915966386, 239.92997198879553)]
USC00386775, [(1991, 111.33972602739726, 240.7835616438356)]
USC00387666, [(1991, 115.16986301369863, 235.1917808219178)]
USC00388440, [(1991, 111.93698630136986, 241.2054794520548)]
USC00389469, [(1991, 123.5819209039548, 258.34188034188037)]
USC00391539, [(1991, 32.0, 180.20385674931129)]
USC00392565, [(1991, 8.994475138121548, 151.65555555555557)]
USC00393294, [(1991, 11.805479452054794, 133.78082191780823)]
USC00394983, [(1991, 27.231843575418996, 168.79608938547486)]
USC00395325, [(1991, 8.068493150684931, 148.03013698630136)]
USC00395406, [(1991, 9.9079754601227, 135.39449541284404)]
USC00395481, [(1991, 34.81643835616438, 165.17808219178082)]
USC00395691, [(1991, 20.03287671232877, 145.94794520547944)]
USC00396054, [(1991, 14.416438356164383, 154.26575342465753)]
USC00396636, [(1991, 14.211267605633802, 157.08757062146893)]
USC00398472, [(1991, 37.95068493150685, 166.0849315068493)]
USC00400284, [(1991, 88.83561643835617, 212.4027397260274)]
USC00401790, [(1991, 97.77260273972603, 216.3379120879121)]
USC00402024, [(1991, 72.12765957446808, 208.70820668693008)]
USC00405210, [(1991, 106.02077151335311, 224.61721068249258)]
USC00405882, [(1991, 100.7095890410959, 217.47397260273974)]
USC00406500, [(1991, 37.74104683195592, 133.20110192837467)]
USC00406806, [(1991, 101.84210526315789, 210.4376731301939)]
USC00406977, [(1991, 93.9366391184573, 200.17127071823205)]
USC00407184, [(1991, 91.2958904109589, 217.52328767123288)]
USC00408108, [(1991, 112.23835616438356, 232.4082191780822)]
USC00408405, [(1991, 78.07692307692308, 208.9368131868132)]
USC00409155, [(1991, 96.69041095890411, 216.62191780821917)]
USC00409866, [(1991, 83.34520547945205, 230.02191780821917)]
USC00410268, [(1991, 115.27653631284916, 239.26256983240222)]
USC00410313, [(1991, 115.99178082191781, 250.93698630136987)]
USC00410586, [(1991, 155.16758241758242, 251.3890410958904)]
USC00410958, [(1991, 73.23287671232876, 217.4054794520548)]
USC00411000, [(1991, 67.33884297520662, 221.8457300275482)]
USC00411042, [(1991, 175.3841059602649, 324.26973684210526)]
USC00411063, [(1991, 98.32291666666667, 236.14583333333334)]
USC00411138, [(1991, 110.93593314763231, 262.695530726257)]
USC00411246, [(1991, 121.58126721763085, 240.51239669421489)]
USC00411348, [(1991, 146.2931506849315, 257.1068493150685)]
USC00411429, [(1991, 127.05205479452054, 256.15616438356165)]
USC00411651, [(1991, 169.60701754385966, 258.2315789473684)]
USC00412266, [(1991, 152.39940828402368, 262.6149253731343)]
USC00412590, [(1991, 121.74561403508773, 264.57894736842104)]
USC00412617, [(1991, 60.44903581267218, 204.42032967032966)]
USC00412794, [(1991, 78.61369863013698, 220.1260273972603)]
USC00413622, [(1991, 142.4027397260274, 252.7945205479452)]
USC00413691, [(1991, 114.11813186813187, 242.2905027932961)]
USC00413787, [(1991, 56.342696629213485, 207.99718309859156)]
USC00414081, [(1991, 119.83835616438355, 238.5917808219178)]
USC00414597, [(1991, 92.62951807228916, 240.44011976047904)]
USC00414792, [(1991, 129.9268292682927, 249.29357798165137)]
USC00414810, [(1991, 166.08864265927977, 293.6343490304709)]
USC00415596, [(1991, 54.03621169916435, 227.81058495821728)]
USC00415701, [(1991, 176.0391061452514, 284.659217877095)]
USC00415770, [(1991, 82.5123287671233, 220.07945205479453)]
USC00416892, [(1991, 94.03287671232877, 258.6356164383562)]
USC00417111, [(1991, 158.4311377245509, 289.3383233532934)]
USC00417300, [(1991, 101.8956043956044, 254.0275482093664)]
USC00417336, [(1991, 98.68767123287671, 231.51780821917808)]
USC00417633, [(1991, 100.6145251396648, 237.07262569832403)]
USC00417669, [(1991, 101.6082191780822, 249.72602739726028)]
USC00418059, [(1991, 179.813698630137, 287.17534246575343)]
USC00418566, [(1991, 84.11780821917809, 232.56438356164384)]
USC00418728, [(1991, 158.55342465753424, 258.6684931506849)]
USC00419268, [(1991, 151.44383561643835, 279.6657534246575)]
USC00419295, [(1991, 76.26849315068493, 234.84657534246574)]
USC00419499, [(1991, 101.08493150684932, 245.0183486238532)]
USC00419559, [(1991, 169.29651162790697, 272.3002915451895)]
USC00419565, [(1991, 93.51780821917808, 243.32602739726028)]
USC00419916, [(1991, 104.77808219178083, 234.33698630136988)]
USC00420738, [(1991, 36.945205479452056, 181.07945205479453)]
USC00422235, [(1991, 38.86053412462908, 184.14956011730206)]
USC00422385, [(1991, -8.657534246575343, 147.35068493150686)]
USC00422418, [(1991, 35.44736842105263, 203.04605263157896)]
USC00422424, [(1991, -131.2216748768473, 12.665024630541872)]
USC00422607, [(1991, 12.150306748466258, 190.81981981981983)]
USC00423486, [(1991, -7.89196675900277, 155.0775623268698)]
USC00424362, [(1991, 24.11263736263736, 166.8543956043956)]
USC00424755, [(1991, 5.5989010989010985, 186.09615384615384)]
USC00425268, [(1991, -2.009009009009009, 141.02402402402402)]
USC00425733, [(1991, 90.32600732600733, 252.53846153846155)]
USC00426123, [(1991, -3.790633608815427, 141.15384615384616)]
USC00426414, [(1991, 33.51923076923077, 164.0)]
USC00426639, [(1991, -82.91304347826087, 75.27173913043478)]
USC00427395, [(1991, -18.435616438356163, 162.11780821917807)]
USC00427557, [(1991, 0.14794520547945206, 177.31372549019608)]
USC00427578, [(1991, 73.71784232365145, 173.89626556016597)]
USC00427686, [(1991, 24.81095890410959, 165.13424657534247)]
USC00428847, [(1991, -5.3780821917808215, 168.46849315068494)]
USC00429717, [(1991, 80.77260273972603, 244.07945205479453)]
USC00436893, [(1991, 1.4054794520547946, 141.17534246575343)]
USC00436995, [(1991, 20.068493150684933, 148.96986301369864)]
USC00437607, [(1991, 32.26243093922652, 138.54269972451792)]
USC00440766, [(1991, 59.18333333333333, 187.6638888888889)]
USC00443640, [(1991, 75.14127423822714, 214.5650969529086)]
USC00444777, [(1991, 61.19230769230769, 190.78846153846155)]
USC00445050, [(1991, 77.18732782369146, 214.6931506849315)]
USC00446712, [(1991, 83.26849315068493, 200.64109589041095)]
USC00448062, [(1991, 54.583561643835615, 190.6109589041096)]
USC00448170, [(1991, 70.59166666666667, 212.98055555555555)]
USC00450729, [(1991, 54.85205479452055, 137.06027397260274)]
USC00450945, [(1991, 58.85674931129476, 156.831955922865)]
USC00451233, [(1991, 43.47945205479452, 136.11780821917807)]
USC00451992, [(1991, 54.281786941580755, 172.08247422680412)]
USC00453333, [(1991, 48.574175824175825, 157.27197802197801)]
USC00455832, [(1991, 15.959183673469388, 118.79591836734694)]
USC00456096, [(1991, 64.62809917355372, 141.13223140495867)]
USC00456534, [(1991, 11.057534246575342, 142.97808219178083)]
USC00456678, [(1991, 74.23835616438356, 144.93698630136987)]
USC00456846, [(1991, 47.77258566978193, 160.01253918495297)]
USC00458715, [(1991, 42.03305785123967, 136.5068870523416)]
USC00462054, [(1991, 50.899441340782126, 201.76536312849163)]
USC00463215, [(1991, 43.25205479452055, 191.83835616438355)]
USC00464763, [(1991, 53.41917808219178, 195.56438356164384)]
USC00466212, [(1991, 74.18630136986302, 186.73150684931508)]
USC00466248, [(1991, 95.06181818181818, 224.70545454545456)]
USC00467001, [(1991, 44.78393351800554, 136.99442896935932)]
USC00469482, [(1991, 34.97551020408163, 145.0734693877551)]
USC00470175, [(1991, 4.579937304075235, 107.49038461538461)]
USC00470904, [(1991, 11.293150684931506, 130.2082191780822)]
USC00471039, [(1991, -58.57831325301205, 47.24096385542169)]
USC00472173, [(1991, 18.10958904109589, 134.13424657534247)]
USC00472314, [(1991, -0.9093406593406593, 106.50549450549451)]
USC00473022, [(1991, 9.329545454545455, 138.378612716763)]
USC00473058, [(1991, 20.410112359550563, 132.71703296703296)]
USC00475164, [(1991, 5.4423076923076925, 126.53571428571429)]
USC00475563, [(1991, 19.50958904109589, 139.0849315068493)]
USC00476718, [(1991, 28.852054794520548, 135.74794520547945)]
USC00477480, [(1991, -190.3548387096774, -68.41935483870968)]
USC00478905, [(1991, 29.0, 112.18904109589042)]
USC00480603, [(1991, -47.46518105849582, 110.07520891364902)]
USC00480915, [(1991, -56.99178082191781, 105.23561643835616)]
USC00483582, [(1991, -47.418282548476455, 120.22099447513813)]
USC00484080, [(1991, -18.282548476454295, 177.36288088642658)]
USC00485088, [(1991, -4.576323987538941, 143.38006230529595)]
USC00486195, [(1991, 4.432876712328767, 157.02739726027397)]
USC00486660, [(1991, 31.39835164835165, 153.89835164835165)]
USC00487260, [(1991, -62.98076923076923, 99.13888888888889)]
USC00488070, [(1991, 28.980861244019138, 180.16267942583733)]
USC00488124, [(1991, -14.805479452054794, 149.44657534246576)]
USC00488808, [(1991, 11.526027397260274, 154.2534435261708)]
USC00500685, [(1991, -10.990881458966566, 85.88449848024317)]
USC00500766, [(1991, 82.42622950819673, 131.98360655737704)]
USC00501243, [(1991, -78.14114114114115, 43.34534534534534)]
USC00502005, [(1991, -50.90291262135922, 76.55023923444976)]
USC00502107, [(1991, -73.97802197802197, 39.91208791208791)]
USC00502149, [(1991, -36.13636363636363, 75.73239436619718)]
USC00502656, [(1991, -17.645645645645647, 87.63063063063063)]
USC00502785, [(1991, 42.205479452054796, 79.8027397260274)]
USC00503682, [(1991, -12.072727272727272, 72.95454545454545)]
USC00505464, [(1991, -34.18562874251497, 72.65868263473054)]
USC00507570, [(1991, -31.17065868263473, 58.24850299401198)]
USC00507780, [(1991, -166.72802197802199, -97.6456043956044)]
USC00509460, [(1991, -8.453172205438067, 63.483383685800604)]
USC00511125, [(1991, 196.27197802197801, 263.0192307692308)]
USC00513099, [(1991, 104.70180722891567, 200.15361445783134)]
USC00514272, [(1991, 186.04428044280442, 283.81180811808116)]
USC00514500, [(1991, 208.37254901960785, 269.88671875)]
USC00515286, [(1991, 177.95375722543352, 240.9306358381503)]
USC00516198, [(1991, 37.483333333333334, 121.84722222222223)]
USC00519195, [(1991, 182.89224137931035, 279.26293103448273)]
USR0000AGRA, [(1991, -24.822085889570552, 140.93865030674846)]
USR0000AKAN, [(1991, -82.07558139534883, 68.50872093023256)]
USR0000ASAL, [(1991, -51.678733031674206, 30.04524886877828)]
USR0000ASMI, [(1991, 152.85753424657534, 270.8712328767123)]
USR0000BRIM, [(1991, 39.723287671232875, 170.97260273972603)]
USR0000CBAL, [(1991, 109.90196078431373, 224.7372549019608)]
USR0000CBLD, [(1991, -32.756410256410255, 75.98717948717949)]
USR0000CCOL, [(1991, 74.97260273972603, 170.58904109589042)]
USR0000CDOW, [(1991, -34.28493150684932, 161.23561643835617)]
USR0000CGUN, [(1991, -25.931506849315067, 106.2)]
USR0000CGYP, [(1991, 24.81651376146789, 186.88532110091742)]
USR0000CKEE, [(1991, 61.39718309859155, 272.10140845070424)]
USR0000CMER, [(1991, 75.65384615384616, 177.57692307692307)]
USR0000COAK, [(1991, 33.43561643835616, 237.72328767123287)]
USR0000CPOT, [(1991, 57.739255014326645, 223.09455587392551)]
USR0000CRIC, [(1991, 143.7780821917808, 299.74246575342465)]
USR0000CWAR, [(1991, 114.63636363636364, 215.5090909090909)]
USR0000FTOP, [(1991, 44.364383561643834, 165.75616438356164)]
USR0000HORS, [(1991, 23.884931506849316, 163.80547945205478)]
USR0000IBRA, [(1991, 1.578512396694215, 159.93112947658403)]
USR0000IIND, [(1991, 9.81267217630854, 162.65013774104682)]
USR0000ILCR, [(1991, 1.0631868131868132, 140.29945054945054)]
USR0000ILEA, [(1991, -22.506849315068493, 116.85479452054794)]
USR0000IPOW, [(1991, 28.931707317073172, 243.77073170731708)]
USR0000IRED, [(1991, 1.7233201581027668, 185.4901185770751)]
USR0000ISAD, [(1991, 40.75609756097561, 149.03658536585365)]
USR0000ITRA, [(1991, 9.881542699724518, 224.17906336088154)]
USR0000LOST, [(1991, 18.838356164383562, 132.43561643835616)]
USR0000MANT, [(1991, -106.47058823529412, -31.602941176470587)]
USR0000MARM, [(1991, -77.22058823529412, 46.69117647058823)]
USR0000MBLU, [(1991, -12.98082191780822, 145.0904109589041)]
USR0000MFOH, [(1991, 3.5945205479452054, 155.51232876712328)]
USR0000MPRY, [(1991, 33.49664429530201, 217.35570469798657)]
USR0000MSET, [(1991, -73.20588235294117, 2.8823529411764706)]
USR0000MUDS, [(1991, 16.747945205479454, 158.37260273972603)]
USR0000MWIL, [(1991, -106.8955223880597, -48.701492537313435)]
USR0000NKIN, [(1991, 40.175342465753424, 160.12876712328767)]
USR0000NTOQ, [(1991, 117.34246575342466, 261.5342465753425)]
USR0000OBIM, [(1991, 46.548780487804876, 158.1341463414634)]
USR0000OBLA, [(1991, -2.739130434782609, 144.93623188405797)]
USR0000OCAB, [(1991, -21.1510989010989, 200.23626373626374)]
USR0000OCED, [(1991, 50.787425149700596, 213.23952095808383)]
USR0000OCRO, [(1991, -27.43013698630137, 142.32602739726028)]
USR0000OHIG, [(1991, 78.08588957055214, 181.04294478527606)]
USR0000ONPR, [(1991, 49.30494505494506, 136.71703296703296)]
USR0000OPHI, [(1991, 20.052054794520547, 153.76438356164383)]
USR0000OROC, [(1991, 9.945205479452055, 139.75616438356164)]
USR0000OROU, [(1991, 13.047887323943662, 120.32394366197182)]
USR0000OSAG, [(1991, 0.8941504178272981, 163.86908077994428)]
USR0000OSPA, [(1991, 5.326027397260274, 156.6)]
USR0000OTIM, [(1991, -9.398351648351648, 104.25)]
USR0000OYEL, [(1991, 54.01917808219178, 160.66027397260274)]
USR0000SIMP, [(1991, 26.85753424657534, 171.34520547945206)]
USR0000WDIR, [(1991, 34.04385964912281, 128.48538011695908)]
USR0000WDOU, [(1991, 24.421917808219177, 144.56438356164384)]
USR0000WECH, [(1991, 28.17808219178082, 221.06849315068493)]
USS0005P08S, [(1991, -41.00547945205479, 78.98082191780821)]
USS0006E03S, [(1991, -50.654794520547945, 87.84657534246575)]
USS0006H09S, [(1991, -47.31780821917808, 89.27397260273973)]
USS0006K06S, [(1991, -81.16164383561645, 129.08219178082192)]
USS0006M22S, [(1991, -94.10684931506849, 51.18356164383562)]
USS0006N03S, [(1991, -41.14794520547945, 124.67945205479452)]
USS0007E23S, [(1991, -69.78082191780823, 41.57260273972603)]
USS0007K11S, [(1991, -69.14794520547945, 77.72876712328767)]
USS0007M21S, [(1991, -79.65921787709497, 292.41329479768785)]
USS0008K04S, [(1991, -53.79178082191781, 85.58082191780822)]
USS0008M08S, [(1991, -116.33698630136986, 96.9972602739726)]
USS0009E09S, [(1991, -30.024657534246575, 74.53150684931506)]
USS0009F23S, [(1991, -75.96739130434783, 8.826086956521738)]
USS0009J01S, [(1991, -67.07123287671233, 97.58082191780822)]
USS0009J16S, [(1991, -72.45753424657535, 79.31506849315069)]
USS0009S01S, [(1991, -210.57507082152975, 123.58082191780822)]
USS0010D24S, [(1991, -77.71780821917808, 73.34794520547945)]
USS0010G15S, [(1991, -63.40771349862259, 83.22589531680441)]
USS0010R04S, [(1991, 25.936986301369863, 146.60821917808218)]
USS0011E10S, [(1991, -58.02601156069364, 107.39306358381504)]
USS0011E31S, [(1991, -54.9041095890411, 76.11506849315069)]
USS0011H37S, [(1991, -24.587912087912088, 110.31043956043956)]
USS0011J11S, [(1991, -11.372222222222222, 94.40277777777777)]
USS0011J32S, [(1991, -110.50537634408602, 74.45161290322581)]
USS0011J53S, [(1991, -30.554945054945055, 142.74305555555554)]
USS0011K13S, [(1991, -26.2, 124.6)]
USS0011K28S, [(1991, -56.95054945054945, 101.77197802197803)]
USS0011R03S, [(1991, 1.9945205479452055, 146.93972602739726)]
USS0012B12S, [(1991, -40.8986301369863, 72.77260273972603)]
USS0013A24S, [(1991, -34.038356164383565, 100.89041095890411)]
USS0013C13S, [(1991, -19.86027397260274, 77.47123287671234)]
USS0013E23S, [(1991, -43.63013698630137, 85.31232876712329)]
USS0013F04S, [(1991, -40.574175824175825, 117.27197802197803)]
USS0014C12S, [(1991, -26.002739726027396, 91.57808219178082)]
USS0014E01S, [(1991, -53.82644628099174, 71.28374655647383)]
USS0014F03S, [(1991, -51.377521613832855, 86.73487031700289)]
USS0015E09S, [(1991, -15.79945054945055, 93.4065934065934)]
USS0015J01S, [(1991, -40.935103244837755, 94.10914454277287)]
USS0015K03S, [(1991, -4.164835164835165, 119.68131868131869)]
USS0016H05S, [(1991, -28.596153846153847, 126.96703296703296)]
USS0018D04S, [(1991, 22.56986301369863, 126.97260273972603)]
USS0018D19S, [(1991, 13.416438356164383, 101.98630136986301)]
USS0018G01S, [(1991, -15.978021978021978, 106.67032967032966)]
USS0019D03S, [(1991, 16.03835616438356, 110.5123287671233)]
USS0019K08S, [(1991, -21.117808219178084, 119.44931506849315)]
USS0020A23S, [(1991, -25.98904109589041, 74.40273972602739)]
USS0020B25S, [(1991, 5.297520661157025, 83.32782369146005)]
USS0020H13S, [(1991, -28.432876712328767, 124.7013698630137)]
USS0020K04S, [(1991, -32.915068493150685, 151.7507418397626)]
USS0020K25S, [(1991, -26.678571428571427, 145.90384615384616)]
USS0020K31S, [(1991, -2.808219178082192, 140.45205479452054)]
USS0020L06S, [(1991, 11.957386363636363, 126.0596590909091)]
USS0021B51S, [(1991, 11.952247191011235, 107.14606741573034)]
USS0021C26S, [(1991, 20.04931506849315, 75.81643835616438)]
USS0021D13S, [(1991, -18.5, 109.48076923076923)]
USS0022C10S, [(1991, 21.073972602739726, 94.28493150684932)]
USS0022E08S, [(1991, 40.58888888888889, 131.55616438356165)]
USS0022F43S, [(1991, 11.235616438356164, 120.3972602739726)]
USS0022G24S, [(1991, -17.34710743801653, 90.72176308539945)]
USS0046Q02S, [(1991, -46.273972602739725, 32.32876712328767)]
USS0049L13S, [(1991, -14.423076923076923, 70.57534246575342)]
USW00003122, [(1991, 111.99178082191781, 222.65479452054794)]
USW00003812, [(1991, 81.15890410958905, 200.64109589041095)]
USW00003860, [(1991, 88.05205479452054, 205.35890410958905)]
USW00003881, [(1991, 126.06575342465753, 235.26027397260273)]
USW00003935, [(1991, 101.22465753424657, 204.04657534246576)]
USW00003962, [(1991, 121.24931506849315, 230.9150684931507)]
USW00004751, [(1991, 25.44109589041096, 142.43561643835616)]
USW00004787, [(1991, 43.582089552238806, 143.72537313432835)]
USW00012839, [(1991, 215.91232876712328, 293.6904109589041)]
USW00012926, [(1991, 206.8931506849315, 270.9616438356164)]
USW00013721, [(1991, 108.10684931506849, 204.23013698630137)]
USW00013736, [(1991, 71.46027397260274, 188.4986301369863)]
USW00013802, [(1991, 77.11845730027548, 201.98898071625345)]
USW00013865, [(1991, 127.74794520547945, 250.64657534246575)]
USW00013871, [(1991, 117.67397260273972, 230.64383561643837)]
USW00013967, [(1991, 106.76164383561644, 220.74794520547945)]
USW00013988, [(1991, 93.64657534246575, 199.9041095890411)]
USW00013994, [(1991, 101.45205479452055, 201.6164383561644)]
USW00014606, [(1991, 20.767123287671232, 133.3890410958904)]
USW00014735, [(1991, 40.76986301369863, 159.23013698630137)]
USW00014777, [(1991, 57.25753424657534, 165.1123287671233)]
USW00014822, [(1991, 73.19830028328612, 160.58938547486034)]
USW00014837, [(1991, 29.84109589041096, 145.41095890410958)]
USW00014858, [(1991, 12.063013698630137, 96.41917808219178)]
USW00014891, [(1991, 60.74246575342466, 164.46027397260275)]
USW00014918, [(1991, -21.63013698630137, 99.6109589041096)]
USW00014924, [(1991, -27.863013698630137, 102.87397260273973)]
USW00014939, [(1991, 50.35890410958904, 185.6027397260274)]
USW00014945, [(1991, 75.6891891891892, 209.34684684684686)]
USW00023009, [(1991, 89.04657534246576, 238.6931506849315)]
USW00023042, [(1991, 89.18356164383562, 233.44109589041096)]
USW00023063, [(1991, -26.778082191780822, 158.38082191780822)]
USW00023273, [(1991, 78.17260273972603, 201.6876712328767)]
USW00024020, [(1991, 37.68767123287671, 176.97808219178083)]
USW00024029, [(1991, 7.704109589041096, 152.96164383561643)]
USW00024062, [(1991, -6.073972602739726, 157.62739726027397)]
USW00024137, [(1991, -3.0934065934065935, 136.02747252747253)]
USW00024143, [(1991, 10.621917808219179, 144.92328767123288)]
USW00024230, [(1991, 10.638356164383561, 168.73424657534247)]
USW00025325, [(1991, 45.30684931506849, 102.27671232876712)]
USW00026411, [(1991, -76.14520547945206, 38.92328767123288)]
USW00026528, [(1991, -36.21095890410959, 67.1917808219178)]
USW00026615, [(1991, -45.12328767123287, 36.0)]
USW00093101, [(1991, 135.3095890410959, 238.01643835616437)]
USW00093230, [(1991, -24.814404432132964, 150.18282548476455)]
USW00093719, [(1991, 124.66027397260274, 238.85479452054796)]
USW00093806, [(1991, 123.81369863013698, 247.83561643835617)]
USW00093812, [(1991, 85.58630136986301, 190.43561643835616)]
USW00093914, [(1991, 132.75, 245.76712328767124)]
USW00094745, [(1991, 68.83287671232877, 165.8931506849315)]
USW00094793, [(1991, 76.44628099173553, 149.15702479338842)]
USW00094847, [(1991, 60.83835616438356, 162.77260273972604)]
USW00094895, [(1991, 51.75068493150685, 170.66849315068492)]
UV000005507, [(1991, 224.18324607329842, 353.1756097560976)]
UV000065501, [(1991, 222.85436893203882, 376.5263157894737)]
UV000065516, [(1991, 228.04545454545453, 355.91037735849056)]
UY000086430, [(1991, 125.45753424657535, 237.6027397260274)]
UYM00086580, [(1991, 121.0168776371308, 223.14743589743588)]
UZM00038696, [(1991, 81.75068493150685, 201.5013698630137)]
UZM00038816, [(1991, 31.92156862745098, 98.02666666666667)]
VE000080405, [(1991, 251.6, 309.5)]
VE000080453, [(1991, 216.95616438356166, 314.96712328767126)]
VEM00080426, [(1991, 209.78125, 300.37654320987656)]
VEM00080447, [(1991, 228.38990825688074, 326.3005780346821)]
WA006490640, [(1991, 133.56363636363636, 298.48328267477206)]
ZA000067441, [(1991, 116.07792207792208, 250.0)]
ZI000067775, [(1991, 132.73426573426573, 256.2323943661972)]
