AEM00041217, [(1991, 206.68965517241378, 335.84397163120565)]
AGM00060419, [(1991, 90.02020202020202, 214.23921568627452)]
AGM00060425, [(1991, 127.12110726643598, 257.72093023255815)]
AGM00060467, [(1991, 132.9255319148936, 270.10869565217394)]
AGM00060506, [(1991, 88.60481099656357, 232.03076923076924)]
AGM00060560, [(1991, 108.20588235294117, 226.87234042553192)]
AGM00060581, [(1991, 152.15129151291512, 292.53846153846155)]
AGM00060620, [(1991, 154.6228956228956, 328.1322580645161)]
AJ000037895, [(1991, 78.25714285714285, 177.7560975609756)]
AJ000037907, [(1991, 98.26605504587155, 186.9746835443038)]
AM000037682, [(1991, 19.78676470588235, 132.45578231292518)]
AM000037871, [(1991, 96.20689655172414, 186.03333333333333)]
AQW00061705, [(1991, 250.5095890410959, 298.55890410958904)]
AR000087129, [(1991, 142.6767123287671, 273.6575342465753)]
AR000087270, [(1991, 151.36438356164385, 260.89835164835165)]
AR000087534, [(1991, 103.5068493150685, 224.67123287671234)]
AR000877500, [(1991, 93.82465753424657, 214.93698630136987)]
ARM00087046, [(1991, 128.4978540772532, 266.3262411347518)]
ARM00087322, [(1991, None, 270.55882352941177)]
ARM00087532, [(1991, 87.5037037037037, 232.9902912621359)]
ARM00087640, [(1991, 87.35616438356165, 257.53846153846155)]
ARM00087784, [(1991, 80.65116279069767, 218.018018018018)]
ASN00001009, [(1991, 228.8846153846154, 327.43521594684387)]
ASN00001021, [(1991, 209.69972451790633, 343.16022099447514)]
ASN00002014, [(1991, 210.3102493074792, 353.4321329639889)]
ASN00002056, [(1991, 220.56497175141243, 356.7005649717514)]
ASN00003007, [(1991, 219.15320334261838, 346.5527065527065)]
ASN00005026, [(1991, 207.55616438356165, 339.2246575342466)]
ASN00007045, [(1991, 169.6456043956044, 300.57260273972605)]
ASN00009037, [(1991, 124.05, 257.46875)]
ASN00009058, [(1991, 114.52777777777777, 237.9832402234637)]
ASN00009064, [(1991, 146.3988603988604, 231.46458923512748)]
ASN00009151, [(1991, 132.09883720930233, 236.84011627906978)]
ASN00009172, [(1991, 126.43801652892562, 241.47382920110192)]
ASN00009193, [(1991, 148.19426751592357, 219.8359133126935)]
ASN00009538, [(1991, 100.43287671232876, 220.3972602739726)]
ASN00009592, [(1991, 106.32328767123288, 206.56438356164384)]
ASN00009754, [(1991, 92.4969696969697, 210.38622754491018)]
ASN00009877, [(1991, 112.78236914600551, 229.13774104683196)]
ASN00010582, [(1991, 98.15342465753425, 220.0191780821918)]
ASN00012046, [(1991, 148.6611570247934, 286.3801652892562)]
ASN00012052, [(1991, 133.456, 286.0984848484849)]
ASN00013030, [(1991, 211.42045454545453, 353.6263736263736)]
ASN00014401, [(1991, 244.03154574132492, 306.7974683544304)]
ASN00014707, [(1991, 190.18591549295775, 339.79320113314446)]
ASN00014938, [(1991, 202.60714285714286, 339.3315068493151)]
ASN00015085, [(1991, 187.06849315068493, 333.0164383561644)]
ASN00015502, [(1991, 156.4269340974212, 326.45054945054943)]
ASN00015652, [(1991, 155.00274725274724, 318.1616438356164)]
ASN00018040, [(1991, 109.31353135313532, 248.62057877813504)]
ASN00018115, [(1991, 139.1150684931507, 188.52876712328768)]
ASN00021043, [(1991, 130.9696132596685, 247.54520547945205)]
ASN00022015, [(1991, 106.40265486725664, 222.78947368421052)]
ASN00022807, [(1991, 125.40384615384616, 196.17808219178082)]
ASN00023020, [(1991, 104.77880184331798, 230.28971962616822)]
ASN00023083, [(1991, 114.24722222222222, 224.008356545961)]
ASN00025507, [(1991, 92.84383561643835, 220.75890410958905)]
ASN00026005, [(1991, 104.2, 180.57344632768363)]
ASN00026026, [(1991, 113.32054794520548, 183.7013698630137)]
ASN00026089, [(1991, 82.52522255192878, 205.36498516320475)]
ASN00026095, [(1991, 98.99261992619927, 175.8377358490566)]
ASN00029038, [(1991, 200.98837209302326, 327.9391304347826)]
ASN00031108, [(1991, 163.07671232876712, 275.05205479452053)]
ASN00035059, [(1991, 135.68975903614458, 304.6507462686567)]
ASN00035065, [(1991, 141.49027237354085, 297.7674418604651)]
ASN00039304, [(1991, 217.24770642201835, 272.77777777777777)]
ASN00040093, [(1991, 135.45205479452054, 278.2630136986301)]
ASN00040126, [(1991, 156.72876712328767, 278.7362637362637)]
ASN00040282, [(1991, 134.5425101214575, 272.256)]
ASN00041023, [(1991, 130.45753424657534, 275.9725274725275)]
ASN00041038, [(1991, 162.79605263157896, 297.81168831168833)]
ASN00041044, [(1991, 98.37087912087912, 257.3168044077135)]
ASN00043015, [(1991, 117.84905660377359, 288.63157894736844)]
ASN00048031, [(1991, 140.35915492957747, 279.27430555555554)]
ASN00050014, [(1991, 116.14246575342466, 248.15342465753426)]
ASN00051049, [(1991, 110.83473389355743, 251.21288515406164)]
ASN00055024, [(1991, 124.73972602739725, 247.8739726027397)]
ASN00056002, [(1991, 77.09972299168975, 210.34806629834253)]
ASN00056017, [(1991, 77.76986301369863, 243.25205479452055)]
ASN00058009, [(1991, 169.16528925619835, 242.82739726027398)]
ASN00058057, [(1991, 120.73901098901099, 261.7878787878788)]
ASN00058063, [(1991, 128.45015105740183, 271.91317365269464)]
ASN00061051, [(1991, 80.87671232876713, 236.95616438356166)]
ASN00061363, [(1991, 86.82685512367492, 243.74475524475525)]
ASN00064009, [(1991, 93.3984674329502, 242.99616858237547)]
ASN00065035, [(1991, 118.50903614457832, 234.86301369863014)]
ASN00067033, [(1991, 115.61917808219178, 249.42465753424656)]
ASN00070015, [(1991, 69.34615384615384, 203.98826979472142)]
ASN00070312, [(1991, 39.94961240310077, 181.13333333333333)]
ASN00071041, [(1991, 30.48148148148148, 164.63983050847457)]
ASN00073054, [(1991, 106.33698630136986, 236.74794520547945)]
ASN00074128, [(1991, 94.87397260273973, 233.73150684931508)]
ASN00074221, [(1991, 98.45879120879121, 234.21428571428572)]
ASN00075031, [(1991, 100.14956011730206, 247.5366568914956)]
ASN00082039, [(1991, 70.82191780821918, 220.54246575342466)]
ASN00083023, [(1991, 78.68660968660969, 210.06428571428572)]
ASN00084016, [(1991, 121.31024930747922, 182.8)]
ASN00084070, [(1991, 118.93002915451895, 187.32285714285715)]
ASN00086077, [(1991, 102.03846153846153, 195.22739726027396)]
ASN00087163, [(1991, 90.90489913544668, 188.54142011834318)]
ASN00090103, [(1991, 75.20604395604396, 181.11263736263737)]
ASN00090172, [(1991, 83.49725274725274, 176.96153846153845)]
ASN00091009, [(1991, 93.8027397260274, 170.2109589041096)]
ASN00091057, [(1991, 96.22465753424657, 168.4986301369863)]
ASN00091186, [(1991, 72.62362637362638, 161.96143250688706)]
ASN00091219, [(1991, 68.85479452054794, 173.2109589041096)]
ASN00094069, [(1991, 55.608219178082194, 172.4958904109589)]
ASN00095011, [(1991, 69.3109756097561, 175.2439024390244)]
ASN00097072, [(1991, 75.79331306990882, 158.38323353293413)]
ASN00099001, [(1991, 115.20797720797721, 164.0958904109589)]
AU000016402, [(1991, 50.04931506849315, 142.06027397260274)]
AYM00088968, [(1991, -72.42032967032966, -14.276712328767124)]
AYM00089532, [(1991, -137.79365079365078, -62.94932432432432)]
AYM00089574, [(1991, -41.25, 1.6363636363636365)]
AYM00089865, [(1991, -191.0, None)]
BC008948490, [(1991, 133.58031088082902, 298.6240310077519)]
BF000078073, [(1991, 217.1013698630137, 294.23835616438356)]
BGM00041923, [(1991, 218.58415841584159, 300.8358778625954)]
BGM00041992, [(1991, 220.0989010989011, 301.1111111111111)]
BL000085364, [(1991, 106.28125, 263.21863799283153)]
BLM00085154, [(1991, 206.03619909502262, 315.0114068441065)]
BLM00085175, [(1991, 195.9377990430622, 299.7230046948357)]
BLM00085196, [(1991, 178.16171617161717, 290.291095890411)]
BLM00085283, [(1991, 81.97133757961784, 223.04666666666665)]
BMM00048097, [(1991, 224.4396887159533, 331.24175824175825)]
BN000005319, [(1991, 210.15887850467288, 336.405)]
BOM00026825, [(1991, 36.07364341085271, 127.47266881028939)]
BR000082400, [(1991, 243.3939393939394, 298.34730538922156)]
BR000956000, [(1991, 202.68852459016392, None)]
BR001941020, [(1991, 194.0, 307.0)]
BR002454001, [(1991, 213.0, 306.0)]
BR057043270, [(1991, 248.0, 312.0)]
BRM00082098, [(1991, 234.04191616766468, 322.1875)]
BRM00082191, [(1991, 228.0, None)]
BRM00083766, [(1991, 141.0, 300.0)]
BUM00015552, [(1991, 54.17857142857143, 155.31)]
BXM00096315, [(1991, 237.17934782608697, 318.7212389380531)]
CA001012018, [(1991, 51.693548387096776, 134.36)]
CA001012573, [(1991, 47.64383561643836, 151.10803324099723)]
CA0010130MN, [(1991, 79.77611940298507, 156.08614232209737)]
CA001014820, [(1991, -0.09090909090909091, 76.91666666666667)]
CA001016203, [(1991, 44.03225806451613, 91.7741935483871)]
CA001017556, [(1991, 62.18181818181818, 144.62006079027356)]
CA001018642, [(1991, 59.224657534246575, 127.51780821917808)]
CA001024642, [(1991, 49.95614035087719, 144.94117647058823)]
CA00102PG75, [(1991, 50.69277108433735, 141.14457831325302)]
CA001030426, [(1991, 71.79452054794521, 121.03561643835616)]
CA001036570, [(1991, 61.43835616438356, 134.4931506849315)]
CA0010459NN, [(1991, 110.45604395604396, 161.25988700564972)]
CA0010476F0, [(1991, 26.66390041493776, 103.45188284518828)]
CA001055950, [(1991, 44.86187845303867, 119.86149584487535)]
CA001062544, [(1991, 63.8, 123.24931506849315)]
CA001062646, [(1991, 64.18630136986302, 111.2027397260274)]
CA001064020, [(1991, 35.32967032967033, 116.3573407202216)]
CA001064497, [(1991, 51.88405797101449, 130.97087378640776)]
CA001075384, [(1991, 12.068493150684931, 104.97260273972603)]
CA001077499, [(1991, -7.208201892744479, 112.41255605381166)]
CA00107G879, [(1991, 0.9776536312849162, 97.19718309859155)]
CA001086082, [(1991, 5.205555555555556, 112.30555555555556)]
CA001092520, [(1991, -20.048387096774192, 101.55339805825243)]
CA001093474, [(1991, -4.958904109589041, 114.98630136986301)]
CA001093600, [(1991, -17.15068493150685, 108.5989010989011)]
CA001095676, [(1991, -31.93820224719101, 82.99435028248588)]
CA001096450, [(1991, -8.052054794520547, 101.96164383561644)]
CA001096465, [(1991, -15.855457227138643, 108.84615384615384)]
CA00109C0LF, [(1991, -15.986301369863014, 99.78082191780823)]
CA001100119, [(1991, 70.51381215469613, 154.14794520547946)]
CA001103326, [(1991, 45.44077134986226, 137.14285714285714)]
CA001103332, [(1991, 54.71153846153846, 138.97260273972603)]
CA001104562, [(1991, 60.3013698630137, 149.8082191780822)]
CA001107010, [(1991, 109.20879120879121, 151.5934065934066)]
CA001107H7H, [(1991, 60.45205479452055, 142.5068493150685)]
CA00110A1ND, [(1991, 56.899441340782126, 143.18055555555554)]
CA001114627, [(1991, 45.08310249307479, 147.68493150684932)]
CA001114741, [(1991, 58.5679012345679, 162.90123456790124)]
CA001120486, [(1991, 47.83783783783784, 178.98832684824902)]
CA001120633, [(1991, -7.988826815642458, 121.24260355029585)]
CA001123360, [(1991, 23.753424657534246, 140.91780821917808)]
CA001123984, [(1991, 35.68767908309456, 136.2464183381089)]
CA001123990, [(1991, 47.391304347826086, 140.7536231884058)]
CA001125766, [(1991, 45.4532967032967, 160.6164383561644)]
CA001125907, [(1991, 46.701183431952664, 137.0353982300885)]
CA001128553, [(1991, 31.922005571030642, 141.98611111111111)]
CA001128580, [(1991, 17.931506849315067, 133.8082191780822)]
CA00112G8L1, [(1991, 42.250696378830085, 147.18207282913164)]
CA001135126, [(1991, 7.7534246575342465, 142.63085399449037)]
CA00114Q3C9, [(1991, 21.986301369863014, 140.87671232876713)]
CA001152109, [(1991, -25.833333333333332, 108.4733893557423)]
CA001152670, [(1991, 20.141065830721004, 133.45541401273886)]
CA001154410, [(1991, 5.285714285714286, 104.54285714285714)]
CA001161655, [(1991, 7.972602739726027, 128.1267217630854)]
CA001167637, [(1991, 45.15068493150685, 157.54794520547946)]
CA00116C8P0, [(1991, 21.120689655172413, 111.4985590778098)]
CA002100517, [(1991, -73.31412103746398, 37.72099447513812)]
CA002100631, [(1991, -103.14207650273224, 37.46031746031746)]
CA002100FCG, [(1991, -152.55274261603375, -27.489270386266096)]
CA002200675, [(1991, -157.8794520547945, -98.36438356164383)]
CA002200822, [(1991, -370.1694915254237, -241.01694915254237)]
CA002202400, [(1991, -82.02465753424657, 21.972602739726028)]
CA002203057, [(1991, -148.62857142857143, -66.39943342776203)]
CA002303092, [(1991, -174.48333333333332, -105.2182320441989)]
CA002303401, [(1991, -153.53424657534248, -78.45205479452055)]
CA002303986, [(1991, -156.56891495601172, -89.76401179941003)]
CA002402350, [(1991, -174.84931506849315, -101.67945205479452)]
CA002403160, [(1991, -223.66666666666666, -167.00819672131146)]
CA003010410, [(1991, 72.26277372262774, 179.71014492753622)]
CA003010830, [(1991, -20.098870056497177, 97.14689265536722)]
CA003011241, [(1991, -43.18565400843882, 87.56302521008404)]
CA003012228, [(1991, 4.886446886446887, 125.12915129151291)]
CA003014922, [(1991, -19.26869806094183, 100.35714285714286)]
CA003015522, [(1991, -44.64931506849315, 96.35342465753425)]
CA003015672, [(1991, -40.225352112676056, 87.3013698630137)]
CA003016590, [(1991, -35.61281337047354, 88.008356545961)]
CA003017286, [(1991, -18.0945558739255, 100.51420454545455)]
CA003025764, [(1991, -12.341597796143251, 117.65469613259668)]
CA003025770, [(1991, 16.13063063063063, 159.52914798206277)]
CA00302D920, [(1991, -20.627009646302252, 120.60371517027863)]
CA003030QLP, [(1991, -126.73770491803279, -5.709677419354839)]
CA003032640, [(1991, -2.0416666666666665, 134.42737430167597)]
CA003033240, [(1991, -23.458333333333332, 116.36363636363636)]
CA003035340, [(1991, -17.689075630252102, 120.64245810055866)]
CA003036084, [(1991, -15.891608391608392, 108.73519163763066)]
CA003036360, [(1991, -9.57482993197279, 121.33684210526316)]
CA00303AFGF, [(1991, -102.03703703703704, 8.909090909090908)]
CA00303N1G3, [(1991, -6.311239193083574, 132.33618233618233)]
CA003046953, [(1991, 14.280821917808218, 139.3)]
CA003050520, [(1991, -20.689560439560438, 98.31232876712329)]
CA003052995, [(1991, 33.76, 121.869918699187)]
CA003053505, [(1991, 51.386861313868614, 138.46715328467153)]
CA003053925, [(1991, 12.56578947368421, 182.8395061728395)]
CA003057570, [(1991, 18.85542168674699, 172.09580838323353)]
CA00305MNKM, [(1991, -33.15151515151515, 88.91104294478528)]
CA003060045, [(1991, 31.31578947368421, 109.375)]
CA003060321, [(1991, -28.246575342465754, 89.32876712328768)]
CA003060903, [(1991, -46.23184357541899, 111.48760330578513)]
CA003061800, [(1991, 87.06766917293233, 198.71212121212122)]
CA003063354, [(1991, 66.3302752293578, 172.52252252252254)]
CA003063630, [(1991, 115.3125, 226.45833333333334)]
CA003064515, [(1991, 71.28787878787878, 177.13235294117646)]
CA003065541, [(1991, -42.56267409470752, 102.5)]
CA003066495, [(1991, 62.58064516129032, 165.29032258064515)]
CA003067392, [(1991, 54.05263157894737, 156.82539682539684)]
CA003070230, [(1991, 94.76190476190476, 207.3170731707317)]
CA003072096, [(1991, -58.127272727272725, 71.92307692307692)]
CA003073140, [(1991, -67.31290322580645, 77.65625)]
CA003073641, [(1991, -61.56077348066298, 80.46218487394958)]
CA003073677, [(1991, -174.23728813559322, -51.03448275862069)]
CA003073764, [(1991, 85.52941176470588, 221.2)]
CA003076320, [(1991, 63.475935828877006, 175.48387096774192)]
CA003076362, [(1991, 74.12698412698413, 178.24)]
CA003076566, [(1991, 75.66929133858268, 185.23809523809524)]
CA003078000, [(1991, 73.0, 179.8)]
CA004012050, [(1991, -17.572674418604652, 107.55988023952096)]
CA004012485, [(1991, -18.279411764705884, 101.6470588235294)]
CA004013490, [(1991, -18.273480662983424, 93.16804407713498)]
CA004014138, [(1991, -3.5530085959885387, 116.04584527220631)]
CA004015440, [(1991, -38.10249307479224, 74.90304709141274)]
CA004018074, [(1991, 93.10924369747899, 230.42016806722688)]
CA00401FFDB, [(1991, -140.26315789473685, -34.27710843373494)]
CA004023060, [(1991, -13.268398268398268, 118.79237288135593)]
CA004024080, [(1991, -33.9057239057239, 95.03597122302158)]
CA004024161, [(1991, -11.558073654390935, 119.82093663911846)]
CA004027485, [(1991, -15.801282051282051, 97.75)]
CA004030569, [(1991, -3.808139534883721, 118.22254335260115)]
CA004031844, [(1991, -11.88034188034188, 113.40782122905028)]
CA0040318MN, [(1991, -14.281524926686217, 115.35410764872522)]
CA004041000, [(1991, -43.16715542521994, 83.09917355371901)]
CA004047240, [(1991, -30.33625730994152, 87.47863247863248)]
CA004047798, [(1991, -19.85611510791367, 115.76642335766424)]
CA004051080, [(1991, -50.77181208053691, 72.4342105263158)]
CA004055043, [(1991, -25.364583333333332, 108.33910034602076)]
CA004055085, [(1991, -36.86797752808989, 74.33333333333333)]
CA004056381, [(1991, -40.83090379008746, 86.93502824858757)]
CA00405DJDN, [(1991, -32.92134831460674, 86.84873949579831)]
CA004075518, [(1991, -51.465753424657535, 72.5041095890411)]
CA005010140, [(1991, -21.68141592920354, 97.06051873198847)]
CA0050220M0, [(1991, -16.680555555555557, 93.34254143646409)]
CA005022245, [(1991, -10.694444444444445, 100.47091412742382)]
CA005022788, [(1991, 21.76, 137.27459016393442)]
CA005030912, [(1991, -18.094170403587444, 121.93478260869566)]
CA005031200, [(1991, -43.84615384615385, 55.809128630705395)]
CA00503B0NE, [(1991, -23.395953757225435, 92.9494382022472)]
CA005040680, [(1991, -35.37534246575343, 87.48493150684932)]
CA005042774, [(1991, -30.043478260869566, 75.9090909090909)]
CA005043020, [(1991, -25.335276967930028, 66.95086705202313)]
CA005043158, [(1991, -21.505847953216374, 87.69444444444444)]
CA005062706, [(1991, -59.21364985163205, 56.75516224188791)]
CA005062922, [(1991, -95.11232876712329, 31.134246575342466)]
CA006022475, [(1991, -6.381766381766382, 101.41274238227147)]
CA006042MJ7, [(1991, -43.70879120879121, 93.1456043956044)]
CA006057590, [(1991, 10.440771349862258, 109.06593406593407)]
CA006061361, [(1991, -29.903581267217632, 86.41483516483517)]
CA006064460, [(1991, 15.073529411764707, 132.44485294117646)]
CA006065006, [(1991, -3.002832861189802, 132.84565916398714)]
CA006080HB6, [(1991, -33.68613138686131, 79.8905109489051)]
CA006103367, [(1991, 25.958333333333332, 131.94444444444446)]
CA006107276, [(1991, 11.703296703296703, 120.12362637362638)]
CA0061110M6, [(1991, -5.193905817174516, 115.93922651933701)]
CA006111467, [(1991, 25.178571428571427, 121.76308539944904)]
CA006112133, [(1991, -2.356164383561644, 116.81818181818181)]
CA006115130, [(1991, 14.763231197771587, 122.47222222222223)]
CA006115820, [(1991, 17.07977207977208, 131.57223796033995)]
CA006127418, [(1991, 75.9090909090909, 166.3090909090909)]
CA006136619, [(1991, 57.130801687763714, 144.46428571428572)]
CA006136694, [(1991, 43.549723756906076, 132.97222222222223)]
CA006137306, [(1991, 59.309309309309306, 157.99107142857142)]
CA006139142, [(1991, 91.90677966101696, 191.03813559322035)]
CA006139265, [(1991, 52.22727272727273, 148.25072886297377)]
CA006142400, [(1991, 31.232876712328768, 120.41208791208791)]
CA006142991, [(1991, 13.571428571428571, 117.94198895027624)]
CA006150914, [(1991, 32.05223880597015, 149.06976744186048)]
CA006151136, [(1991, 20.426997245179063, 125.88642659279779)]
CA0061519JM, [(1991, 48.61731843575419, 130.32876712328766)]
CA006153290, [(1991, 70.93055555555556, 146.16022099447514)]
CA006158084, [(1991, 36.22191011235955, 130.98885793871867)]
CA006159449, [(1991, 44.447592067988666, 120.35410764872522)]
CA007010720, [(1991, 17.286501377410467, 115.34626038781164)]
CA007012232, [(1991, 6.765578635014837, 98.8970588235294)]
CA007014332, [(1991, -0.3418803418803419, 120.19461077844312)]
CA007015730, [(1991, 14.326647564469914, 121.52421652421653)]
CA007016906, [(1991, -172.25806451612902, -58.70967741935484)]
CA007016960, [(1991, -207.74193548387098, -80.3225806451613)]
CA007017080, [(1991, -34.45054945054945, 103.82920110192838)]
CA007017386, [(1991, -187.41935483870967, -62.096774193548384)]
CA00701A9EC, [(1991, 4.292307692307692, 115.64220183486239)]
CA007020305, [(1991, 1.477900552486188, 111.9475138121547)]
CA007020860, [(1991, -0.136986301369863, 117.41274238227147)]
CA007023677, [(1991, -3.753501400560224, 99.05817174515235)]
CA007026734, [(1991, -155.32258064516128, -42.58064516129032)]
CA007026836, [(1991, 25.410958904109588, 124.61325966850829)]
CA007027280, [(1991, -151.61290322580646, -59.5)]
CA007027361, [(1991, 22.63888888888889, 120.65826330532212)]
CA007027382, [(1991, -176.7741935483871, -66.93548387096774)]
CA007027517, [(1991, 15.81267217630854, 119.91506849315068)]
CA007027733, [(1991, -186.20689655172413, -87.74193548387096)]
CA007028441, [(1991, 2.6301369863013697, 93.73972602739725)]
CA007031315, [(1991, 11.944444444444445, 138.88888888888889)]
CA007038080, [(1991, -7.739726027397261, 119.0958904109589)]
CA007040813, [(1991, -56.12362637362637, 31.279452054794522)]
CA007042388, [(1991, -53.3013698630137, 66.0958904109589)]
CA007043540, [(1991, -43.15068493150685, 78.63013698630137)]
CA007043960, [(1991, -15.86111111111111, 93.26760563380282)]
CA007045910, [(1991, -30.755494505494507, 71.12947658402204)]
CA007046735, [(1991, -32.25, 81.17647058823529)]
CA007046837, [(1991, 1.643646408839779, 98.27348066298343)]
CA007048421, [(1991, -47.35616438356164, 53.19178082191781)]
CA00704CBGH, [(1991, -1.6620879120879122, 91.47790055248619)]
CA00704FEG0, [(1991, -59.89048991354467, 52.54360465116279)]
CA007050140, [(1991, -34.21917808219178, 72.57534246575342)]
CA007051160, [(1991, -12.150684931506849, 72.58904109589041)]
CA007051175, [(1991, -43.273972602739725, 68.42857142857143)]
CA007055210, [(1991, -8.9196675900277, 104.01960784313725)]
CA007055420, [(1991, -10.152354570637119, 85.37292817679558)]
CA007055705, [(1991, -17.52054794520548, 90.43835616438356)]
CA007057304, [(1991, -26.639118457300274, 74.3972602739726)]
CA007060400, [(1991, -31.802739726027397, 82.03561643835616)]
CA007061441, [(1991, -277.58620689655174, -115.66666666666667)]
CA007062368, [(1991, -43.36158192090395, 94.35897435897436)]
CA007093715, [(1991, -85.76712328767124, 19.2986301369863)]
CA007097900, [(1991, -55.57534246575342, 77.66483516483517)]
CA00709CEE9, [(1991, -56.23626373626374, 79.13461538461539)]
CA007103536, [(1991, -89.65479452054795, -0.7506849315068493)]
CA008100502, [(1991, -2.8493150684931505, 99.3013698630137)]
CA008100592, [(1991, 21.05263157894737, 126.1842105263158)]
CA008101000, [(1991, -17.523809523809526, 101.7015873015873)]
CA008102536, [(1991, -2.6575342465753424, 113.36986301369863)]
CA008103100, [(1991, 8.082191780821917, 114.84931506849315)]
CA008104480, [(1991, -11.10958904109589, 108.24657534246575)]
CA008104600, [(1991, -77.90123456790124, 15.174418604651162)]
CA008105200, [(1991, 3.808219178082192, 120.21917808219177)]
CA008200300, [(1991, 20.205479452054796, 109.84931506849315)]
CA008202565, [(1991, 3.4657534246575343, 113.27397260273973)]
CA008202856, [(1991, 79.49720670391062, 176.87150837988827)]
CA008203165, [(1991, 15.342465753424657, 122.45205479452055)]
CA008203396, [(1991, 18.931506849315067, 112.12328767123287)]
CA008203570, [(1991, 13.136986301369863, 137.2054794520548)]
CA008204500, [(1991, 19.35593220338983, 116.96245733788396)]
CA008205217, [(1991, 21.363896848137536, 108.23275862068965)]
CA008205601, [(1991, 12.57617728531856, 119.97252747252747)]
CA008206222, [(1991, 21.561643835616437, 125.68493150684931)]
CA008206495, [(1991, 32.990196078431374, 134.02661596958174)]
CA008300080, [(1991, 9.342465753424657, 99.36986301369863)]
CA008300128, [(1991, -0.32763532763532766, 97.97720797720798)]
CA008300845, [(1991, 2.9258241758241756, 103.4010989010989)]
CA008401141, [(1991, -3.767123287671233, 88.13698630136986)]
CA008401528, [(1991, 12.315068493150685, 87.86301369863014)]
CA008401642, [(1991, -27.767123287671232, 78.78082191780823)]
CA008402080, [(1991, -2.3369565217391304, 68.8586956521739)]
CA008402569, [(1991, 11.960227272727273, 86.84357541899442)]
CA008402770, [(1991, -11.277777777777779, 63.16804407713499)]
CA008403700, [(1991, -29.82191780821918, 73.95890410958904)]
CA008403FN0, [(1991, -31.07734806629834, 55.110497237569064)]
CA008404234, [(1991, 26.238938053097346, 89.30327868852459)]
CA008404240, [(1991, 6.6438356164383565, 88.87671232876713)]
CA00840KE88, [(1991, -41.013698630136986, 47.136986301369866)]
CA008502NHR, [(1991, -71.95890410958904, 6.589041095890411)]
CA008503081, [(1991, -58.14410480349345, 22.37991266375546)]
CHM00050353, [(1991, -64.55890410958904, 58.602739726027394)]
CHM00050434, [(1991, -120.15068493150685, 41.26575342465753)]
CHM00050557, [(1991, -59.52328767123288, 71.1013698630137)]
CHM00050788, [(1991, -6.808219178082192, 89.18904109589042)]
CHM00050854, [(1991, -12.342465753424657, 101.08219178082192)]
CHM00051076, [(1991, -5.4301369863013695, 114.92876712328767)]
CHM00051811, [(1991, 51.69315068493151, 183.48219178082192)]
CHM00052495, [(1991, 16.115068493150684, 148.02739726027397)]
CHM00053068, [(1991, -22.586301369863012, 117.1972602739726)]
CHM00053614, [(1991, 36.11506849315069, 163.56712328767122)]
CHM00053698, [(1991, 86.27945205479452, 187.9890410958904)]
CHM00053845, [(1991, 45.673972602739724, 175.83287671232875)]
CHM00054094, [(1991, -5.961643835616439, 103.46849315068494)]
CHM00054208, [(1991, -34.413698630136984, 95.66849315068494)]
CHM00054337, [(1991, 52.37534246575343, 146.02739726027397)]
CHM00054511, [(1991, 77.90958904109588, 176.62465753424658)]
CHM00054823, [(1991, 107.18630136986302, 194.25753424657535)]
CHM00055228, [(1991, -77.19011406844106, 81.66333333333333)]
CHM00056146, [(1991, 0.2328767123287671, 137.15890410958903)]
CHM00058102, [(1991, 95.74794520547945, 196.13972602739727)]
CHM00058477, [(1991, 138.01643835616437, 202.45205479452054)]
CHM00058666, [(1991, 153.1659192825112, 197.55555555555554)]
CHM00058834, [(1991, 166.15342465753426, 251.63013698630138)]
CHM00058921, [(1991, 162.56712328767122, 252.55068493150685)]
CHM00059287, [(1991, 197.5205479452055, 270.6082191780822)]
CHM00059293, [(1991, 187.25479452054793, 269.64931506849314)]
CJW00011813, [(1991, 237.7906976744186, 305.8782894736842)]
CT000004610, [(1991, 215.0, 351.6666666666667)]
CYE00100065, [(1991, 54.5364238410596, 125.23178807947019)]
CYE00100071, [(1991, 103.37704918032787, 196.39344262295083)]
CYE00115566, [(1991, 103.21311475409836, 190.45901639344262)]
DA000025140, [(1991, 60.35342465753425, 116.62191780821918)]
EG000062463, [(1991, 190.79545454545453, 301.0063492063492)]
EIM00003967, [(1991, 60.62820512820513, 133.1826625386997)]
EN000026120, [(1991, -28.666666666666668, -19.2)]
EN000026135, [(1991, -96.5, -35.0)]
ES003800510, [(1991, 185.71428571428572, 316.6)]
ET000063402, [(1991, 118.175, 266.24050632911394)]
ET000063450, [(1991, 97.48803827751196, 238.85051546391753)]
ET000063471, [(1991, 191.75806451612902, 319.73394495412845)]
EZM00011659, [(1991, 27.63799283154122, 116.28134556574923)]
FGM00081401, [(1991, 226.0, 316.47058823529414)]
FIE00142085, [(1991, 40.5972602739726, 88.75068493150685)]
FIE00142361, [(1991, 29.057534246575344, 86.1972602739726)]
FIE00142421, [(1991, 24.323287671232876, 94.25205479452055)]
FIE00142706, [(1991, 11.178082191780822, 86.82739726027397)]
FIE00143231, [(1991, 11.876712328767123, 81.62191780821918)]
FIE00143381, [(1991, 8.246575342465754, 81.6082191780822)]
FIE00144062, [(1991, 12.92876712328767, 75.02191780821917)]
FIE00144287, [(1991, -1.0534351145038168, 51.156716417910445)]
FIE00144407, [(1991, -3.106849315068493, 81.75068493150685)]
FIE00144482, [(1991, -8.476712328767123, 76.3972602739726)]
FIE00144557, [(1991, 6.989041095890411, 74.45479452054795)]
FIE00145007, [(1991, -9.490410958904109, 55.586301369863016)]
FIE00145622, [(1991, -3.813698630136986, 65.41917808219178)]
FIE00145637, [(1991, -8.438356164383562, 63.605479452054794)]
FIE00145847, [(1991, -27.53150684931507, 51.75890410958904)]
FIE00146027, [(1991, -36.942465753424656, 44.19178082191781)]
FIE00146162, [(1991, -35.38082191780822, 48.95890410958904)]
FIE00146258, [(1991, -39.99178082191781, 45.64109589041096)]
FMC00914892, [(1991, 240.71549295774648, 308.0619718309859)]
FR000007650, [(1991, 103.45479452054795, 197.46301369863014)]
FRM00007027, [(1991, 71.81545064377683, 156.93870967741935)]
FRM00007222, [(1991, 82.36170212765957, 169.05280528052805)]
FRM00007621, [(1991, 74.8695652173913, 184.64465408805032)]
FRM00007690, [(1991, 122.48223350253807, 196.85667752442995)]
FSM00061968, [(1991, 234.24590163934425, 303.60360360360363)]
GB000004565, [(1991, 200.65384615384616, 289.9230769230769)]
GG000037272, [(1991, 107.77777777777777, 193.26666666666668)]
GG000037380, [(1991, 149.0597014925373, 234.5)]
GG000037395, [(1991, 117.87, 199.58223684210526)]
GG000037515, [(1991, 74.57471264367815, 185.14110429447854)]
GG000037563, [(1991, 100.52631578947368, 207.6083916083916)]
GG000037602, [(1991, 35.85964912280702, 163.55555555555554)]
GHM00065418, [(1991, 211.10526315789474, 358.4166666666667)]
GHM00065439, [(1991, 217.0, 328.25)]
GHM00065445, [(1991, 229.35135135135135, 318.43243243243245)]
GHM00065472, [(1991, 236.60526315789474, 304.1309523809524)]
GIM00008495, [(1991, 150.87007874015748, 218.89641434262947)]
GL000004250, [(1991, -41.245714285714286, 12.345505617977528)]
GM000003244, [(1991, 52.19178082191781, 131.6821917808219)]
GM000003319, [(1991, 51.94794520547945, 134.53972602739725)]
GM000010393, [(1991, 49.3041095890411, 132.33972602739726)]
GME00102193, [(1991, 52.394520547945206, 118.01643835616439)]
GME00102268, [(1991, 68.6027397260274, 145.35342465753425)]
GME00102340, [(1991, 40.446575342465756, 124.31232876712329)]
GME00120946, [(1991, 32.104109589041094, 110.7068493150685)]
GME00120994, [(1991, 43.07123287671233, 128.02739726027397)]
GME00121018, [(1991, 60.36986301369863, 108.46027397260274)]
GME00121030, [(1991, 52.55068493150685, 118.14246575342466)]
GME00121126, [(1991, 51.68219178082192, 138.55342465753424)]
GME00121174, [(1991, 22.545205479452054, 88.52876712328766)]
GMM00010129, [(1991, 70.08677685950413, 125.47936507936508)]
GMM00010156, [(1991, 50.928082191780824, 133.37724550898204)]
GMM00010474, [(1991, -14.963636363636363, 55.96078431372549)]
GMM00010480, [(1991, -2.1666666666666665, 58.05769230769231)]
GMM00010582, [(1991, -54.904761904761905, 11.488888888888889)]
GMM00010615, [(1991, 53.1747572815534, 60.78443113772455)]
GRW00033209, [(1991, 131.9945054945055, 224.32692307692307)]
GV000001811, [(1991, None, 346.625)]
GV000001832, [(1991, 233.95, 298.4938271604938)]
IC000004013, [(1991, 25.4986301369863, 70.92328767123287)]
IC000004097, [(1991, 25.213698630136985, 71.71780821917808)]
ICM00004082, [(1991, 28.053333333333335, 84.93452380952381)]
ID000096073, [(1991, None, 318.9)]
ID000096925, [(1991, None, 311.0)]
IDM00097072, [(1991, 231.64556962025316, 332.1978021978022)]
IDM00097180, [(1991, 218.41558441558442, 316.1770833333333)]
IDM00097300, [(1991, 246.0, 306.3333333333333)]
IN001090500, [(1991, 209.56172839506172, 341.01190476190476)]
IN001111200, [(1991, 240.46332046332046, 317.66775244299674)]
IN005120501, [(1991, 189.65656565656565, 347.8482972136223)]
IN011150300, [(1991, 186.12765957446808, 330.5112781954887)]
IN012230300, [(1991, 207.17049180327868, 340.71865443425077)]
INM00042475, [(1991, 153.47619047619048, 336.76576576576576)]
IRM00040785, [(1991, 131.9620253164557, 281.83116883116884)]
IRM00040845, [(1991, 258.07142857142856, 343.8888888888889)]
IT000016090, [(1991, 71.35616438356165, 171.4794520547945)]
IT000162580, [(1991, 84.96164383561644, 143.77260273972604)]
ITM00016061, [(1991, 89.60679611650485, 149.28957528957528)]
ITM00016310, [(1991, 142.86577181208054, 194.846875)]
ITM00016325, [(1991, 136.4756756756757, 211.99310344827586)]
IV000065528, [(1991, 203.2943396226415, 325.910394265233)]
JA000047420, [(1991, 41.06027397260274, 100.65205479452055)]
JA000047435, [(1991, 57.42763157894737, 139.1593625498008)]
JA000047570, [(1991, 77.73262032085562, 168.1638418079096)]
JA000047585, [(1991, 63.99516908212561, 159.70948012232415)]
JA000047618, [(1991, 67.2566844919786, 179.0169971671388)]
JA000047624, [(1991, 105.41293532338308, 198.29912023460412)]
JA000047651, [(1991, 156.08805031446542, 223.7810218978102)]
JA000047666, [(1991, 165.76506024096386, 215.71863117870723)]
JA000047672, [(1991, 112.42408376963351, 204.49704142011834)]
JA000047768, [(1991, 163.33333333333334, 289.1666666666667)]
JA000047780, [(1991, 143.0, 284.7142857142857)]
JA000047807, [(1991, 134.30243902439025, 204.97464788732395)]
JA000047813, [(1991, 236.75, 289.6)]
JA000047897, [(1991, 223.33333333333334, 283.6666666666667)]
JA000047909, [(1991, 194.98477157360406, 250.9388888888889)]
JA000047936, [(1991, 213.23561643835617, 260.93698630136987)]
JAM00047772, [(1991, 141.47417840375587, 213.2590529247911)]
JOM00040250, [(1991, 129.6727272727273, 285.6358024691358)]
JOM00040265, [(1991, 111.37278106508876, 247.77245508982037)]
JOM00040310, [(1991, 112.52222222222223, 257.2696629213483)]
JQW00021603, [(1991, 242.73150684931508, 299.6986301369863)]
JUM00061970, [(1991, 243.38174273858922, 298.22222222222223)]
KE000063624, [(1991, 241.9203187250996, 349.1777777777778)]
KG000036911, [(1991, 51.39299610894942, 182.74852071005918)]
KG000036974, [(1991, -15.493150684931507, 104.73424657534247)]
KG000038471, [(1991, -71.8108108108108, 53.557377049180324)]
KG000038627, [(1991, -18.764705882352942, 136.6219512195122)]
KS000047112, [(1991, 83.16712328767123, 160.86849315068494)]
KSM00047133, [(1991, 71.23671497584542, 182.51988636363637)]
KU000405820, [(1991, 231.07368421052632, 357.32065217391306)]
KZ000028676, [(1991, -23.71780821917808, 85.66849315068494)]
KZ000028886, [(1991, 7.34375, 90.80382775119617)]
KZ000028952, [(1991, -12.224657534246575, 101.04931506849314)]
KZ000035363, [(1991, -4.607142857142857, 100.93607305936074)]
KZ000035633, [(1991, 15.817733990147783, 151.38338658146964)]
KZ000035756, [(1991, -129.6, -71.5)]
KZ000036152, [(1991, -12.165178571428571, 120.86451612903225)]
KZ000036335, [(1991, -26.863636363636363, 94.98901098901099)]
LG000026247, [(1991, 29.20576131687243, 118.57666666666667)]
LG000026313, [(1991, 43.471311475409834, 110.996632996633)]
LG000026544, [(1991, 32.21484375, 114.58730158730158)]
LH000026730, [(1991, 33.24383561643835, 109.4958904109589)]
LOM00011826, [(1991, 42.244680851063826, 147.20382165605096)]
LYE00147746, [(1991, 158.71080139372822, 251.90592334494772)]
LYM00062103, [(1991, 154.77777777777777, 292.30797101449275)]
MAM00067157, [(1991, 196.25316455696202, 270.35135135135135)]
MD000033815, [(1991, 61.83561643835616, 136.15616438356165)]
MGM00044232, [(1991, -91.93832599118943, 43.623655913978496)]
MGM00044313, [(1991, -97.67123287671232, 46.87214611872146)]
MO000060265, [(1991, 124.05685618729098, 260.18589743589746)]
MP000061974, [(1991, 229.77534246575343, 300.6356164383562)]
MP000061995, [(1991, 178.5, 251.62019230769232)]
MR000001498, [(1991, 238.07657657657657, 370.7842323651452)]
MR000061450, [(1991, 214.19417475728156, 338.95575221238937)]
MUM00041258, [(1991, 267.2142857142857, None)]
MX000002015, [(1991, 132.33676975945016, 306.97594501718214)]
MX000003029, [(1991, 135.29850746268656, 315.66027397260274)]
MX000003035, [(1991, 178.4794520547945, 300.4109589041096)]
MX000004034, [(1991, 199.34246575342465, 326.4657534246575)]
MX000005033, [(1991, 157.8021978021978, 300.1373626373626)]
MX000005048, [(1991, 105.00840336134453, 247.96378830083566)]
MX000007019, [(1991, 223.35342465753425, 348.3150684931507)]
MX000008066, [(1991, 55.35310734463277, 221.1401098901099)]
MX000010049, [(1991, 123.93258426966293, 299.1828254847645)]
MX000014066, [(1991, 111.78440366972477, 278.6341463414634)]
MX000015059, [(1991, 105.30958904109589, 255.26027397260273)]
MX000018029, [(1991, 207.07417582417582, 322.4246575342466)]
MX000020039, [(1991, 233.51963746223564, 331.88821752265864)]
MX000026075, [(1991, 69.49152542372882, 271.1864406779661)]
MX000026183, [(1991, 140.0653594771242, 339.281045751634)]
MX000027011, [(1991, 209.46575342465752, 319.6767123287671)]
MX000029030, [(1991, 77.54038997214485, 251.17134831460675)]
MX000030179, [(1991, 152.7945205479452, 256.1917808219178)]
MXM00076160, [(1991, 162.68493150684932, 320.5098039215686)]
MXM00076256, [(1991, 165.796992481203, 308.6585365853659)]
MXM00076634, [(1991, 91.34302325581395, 239.79187817258884)]
MXM00076640, [(1991, 219.59708737864077, 317.3096446700508)]
MZ000067215, [(1991, 211.06735751295338, 293.8321167883212)]
MZ000067323, [(1991, 196.5222222222222, 287.0344827586207)]
NC000091577, [(1991, 192.1205479452055, 270.0191780821918)]
NC000915920, [(1991, 200.0109589041096, 261.43013698630136)]
NG000061096, [(1991, 209.31849315068493, 359.1666666666667)]
NLE00102434, [(1991, 51.68493150684932, 135.65205479452055)]
NLE00102509, [(1991, 44.534246575342465, 127.1972602739726)]
NLE00108992, [(1991, 51.153424657534245, 130.66849315068492)]
NO000001212, [(1991, 61.925824175824175, 95.61643835616438)]
NO000016740, [(1991, -11.542465753424658, 65.18630136986302)]
NOE00105483, [(1991, 61.465753424657535, 105.58630136986301)]
NOE00105498, [(1991, -39.16742081447964, 41.80246913580247)]
NOE00109701, [(1991, -17.32054794520548, 80.51506849315068)]
NOE00109737, [(1991, 62.0, 96.1013698630137)]
NOE00111273, [(1991, -23.24931506849315, 51.221917808219175)]
NOE00111327, [(1991, -78.43413173652695, 16.263473053892216)]
NOE00111354, [(1991, 3.9506849315068493, 47.78904109589041)]
NOE00133098, [(1991, -100.69491525423729, -31.52542372881356)]
NOE00133650, [(1991, 63.66301369863014, 93.84931506849315)]
NOE00133746, [(1991, 54.88219178082192, 98.63835616438357)]
NOE00134766, [(1991, -18.0, -30.0)]
NOE00134934, [(1991, 11.391780821917807, 64.17534246575343)]
NPM00044477, [(1991, 128.0483870967742, 206.31147540983608)]
NSM00081225, [(1991, 216.27777777777777, 325.7966804979253)]
NTM00078866, [(1991, 253.046875, 315.81439393939394)]
PC000919640, [(1991, 188.51746031746032, 228.0063492063492)]
PE000084721, [(1991, 158.47345132743362, 225.0103626943005)]
PEM00084370, [(1991, 212.625, 299.20512820512823)]
PEM00084472, [(1991, 57.37931034482759, 225.1764705882353)]
PEM00084628, [(1991, 173.68794326241135, 234.2)]
PKM00041744, [(1991, 53.88461538461539, 177.5)]
POM00008524, [(1991, 162.1118881118881, 212.96753246753246)]
QAM00041170, [(1991, 228.75355450236967, 337.75091575091574)]
RMC00914053, [(1991, 243.60335195530726, 303.3463687150838)]
ROE00100903, [(1991, 67.64657534246575, 165.37260273972603)]
ROE00108892, [(1991, 83.45205479452055, 147.5917808219178)]
RP000098232, [(1991, 231.53424657534248, 310.96712328767126)]
RPM00098644, [(1991, 232.82692307692307, 327.2758620689655)]
RQC00660426, [(1991, 174.06043956043956, 299.2554945054945)]
RQC00665064, [(1991, 191.8958904109589, 300.8986301369863)]
RQW00011603, [(1991, 217.3723849372385, 305.02479338842977)]
RQW00011630, [(1991, 239.96164383561643, 308.96438356164384)]
RS000032158, [(1991, -1.576470588235294, 75.83333333333333)]
RS000034561, [(1991, 52.484931506849314, 137.7068493150685)]
RSE00149340, [(1991, 21.268493150684932, 90.4986301369863)]
RSE00149565, [(1991, 21.08219178082192, 97.02739726027397)]
RSE00152235, [(1991, -65.23287671232876, 33.38630136986301)]
RSM00021358, [(1991, -144.16959064327486, -91.75431034482759)]
RSM00021802, [(1991, -175.46575342465752, -93.58904109589041)]
RSM00021931, [(1991, -154.8904109589041, -70.11506849315069)]
RSM00021946, [(1991, -153.46849315068494, -80.42739726027398)]
RSM00022003, [(1991, -24.214285714285715, 28.24025974025974)]
RSM00022249, [(1991, -121.72, -15.353333333333333)]
RSM00022282, [(1991, -33.80788177339902, 29.450592885375492)]
RSM00022438, [(1991, -10.07945205479452, 41.602739726027394)]
RSM00022471, [(1991, -35.29041095890411, 42.88767123287671)]
RSM00022525, [(1991, -18.732876712328768, 73.73056994818653)]
RSM00022573, [(1991, -34.523809523809526, 72.10994764397905)]
RSM00022648, [(1991, -19.346666666666668, 75.61458333333333)]
RSM00022762, [(1991, -18.56024096385542, 86.49743589743589)]
RSM00022798, [(1991, -15.832512315270936, 93.1549815498155)]
RSM00022816, [(1991, -138.55555555555554, -116.14285714285714)]
RSM00022837, [(1991, 2.1424657534246574, 79.90958904109588)]
RSM00022939, [(1991, 2.212871287128713, 93.904)]
RSM00023146, [(1991, -113.85479452054794, -43.07123287671233)]
RSM00023383, [(1991, -156.1041095890411, -48.1972602739726)]
RSM00023518, [(1991, -68.51470588235294, 73.56497175141243)]
RSM00023707, [(1991, -22.175342465753424, 58.772602739726025)]
RSM00023734, [(1991, -50.775342465753425, 38.21095890410959)]
RSM00023884, [(1991, -84.6, 22.96712328767123)]
RSM00023986, [(1991, -72.31780821917808, 11.657534246575343)]
RSM00024382, [(1991, -186.3123287671233, -56.983561643835614)]
RSM00024538, [(1991, -161.23287671232876, -36.88767123287671)]
RSM00024652, [(1991, -144.2471264367816, -21.889679715302492)]
RSM00024688, [(1991, -220.9945205479452, -85.15342465753425)]
RSM00024856, [(1991, -156.12707182320443, -7.344262295081967)]
RSM00025042, [(1991, -139.21369863013697, -73.85205479452055)]
RSM00025123, [(1991, -132.68926553672316, -34.623655913978496)]
RSM00025138, [(1991, -159.46575342465752, -50.23013698630137)]
RSM00025705, [(1991, -141.3232876712329, -41.13972602739726)]
RSM00026179, [(1991, -112.0, None)]
RSM00026389, [(1991, 13.431034482758621, 96.52145214521452)]
RSM00027199, [(1991, 6.208219178082191, 79.44657534246575)]
RSM00027217, [(1991, 17.767175572519083, 103.92592592592592)]
RSM00027271, [(1991, -5.347639484978541, 100.22333333333333)]
RSM00027373, [(1991, -8.467032967032967, 83.65217391304348)]
RSM00027412, [(1991, -164.33333333333334, -62.0)]
RSM00027679, [(1991, 19.224390243902437, 113.364)]
RSM00027730, [(1991, 22.153424657534245, 104.15890410958905)]
RSM00027928, [(1991, 30.188, 129.7304964539007)]
RSM00028216, [(1991, 17.25764192139738, 89.4188679245283)]
RSM00028264, [(1991, -64.6470588235294, 163.85365853658536)]
RSM00028411, [(1991, -2.4383561643835616, 85.04657534246576)]
RSM00028561, [(1991, -24.953424657534246, 83.1945205479452)]
RSM00028615, [(1991, 5.631111111111111, 109.15671641791045)]
RSM00028621, [(1991, 29.495412844036696, 100.1554054054054)]
RSM00028642, [(1991, 1.1446280991735538, 103.44250871080139)]
RSM00028786, [(1991, -3.0654761904761907, 120.27835051546391)]
RSM00028825, [(1991, -4.079452054794521, 100.66575342465754)]
RSM00028831, [(1991, -56.42857142857143, 125.28301886792453)]
RSM00029068, [(1991, -111.13636363636364, 20.70921985815603)]
RSM00029209, [(1991, -35.369942196531795, 91.33457249070632)]
RSM00029263, [(1991, -58.40547945205479, 48.00547945205479)]
RSM00029467, [(1991, -23.572602739726026, 64.36712328767123)]
RSM00029581, [(1991, -30.48780487804878, 91.73151750972762)]
RSM00029698, [(1991, -68.26849315068493, 66.16164383561645)]
RSM00029866, [(1991, -39.69041095890411, 85.12876712328767)]
RSM00029974, [(1991, -63.92328767123288, 18.268493150684932)]
RSM00030151, [(1991, -70.6566265060241, 56.70703125)]
RSM00030253, [(1991, -96.25753424657535, 14.953424657534246)]
RSM00030328, [(1991, -66.57543859649122, 72.0304054054054)]
RSM00030484, [(1991, -124.73150684931507, 16.854794520547944)]
RSM00030499, [(1991, -122.83084577114428, 22.9080118694362)]
RSM00030565, [(1991, -145.56712328767122, 26.81917808219178)]
RSM00030673, [(1991, -117.4904109589041, 35.02191780821918)]
RSM00030727, [(1991, -45.98082191780822, 51.92054794520548)]
RSM00030781, [(1991, -172.43979057591622, 39.518248175182485)]
RSM00030829, [(1991, -81.83720930232558, 63.003154574132495)]
RSM00030856, [(1991, -73.87333333333333, 26.934673366834172)]
RSM00030862, [(1991, -101.09345794392523, 43.474926253687315)]
RSM00031102, [(1991, -141.14246575342466, -39.78082191780822)]
RSM00031123, [(1991, -190.1864406779661, -28.86341463414634)]
RSM00031348, [(1991, -120.29120879120879, 36.53125)]
RSM00031369, [(1991, -57.4, 27.953424657534246)]
RSM00031624, [(1991, -93.46666666666667, 77.74220963172804)]
RSM00031909, [(1991, 3.0027397260273974, 99.9972602739726)]
RSM00031915, [(1991, -6.136986301369863, 113.72602739726027)]
RSM00031921, [(1991, -4.877551020408164, 98.01146131805157)]
RSM00032014, [(1991, -52.62465753424657, 24.805479452054794)]
RSM00032098, [(1991, -30.134246575342466, 47.221917808219175)]
RSM00032287, [(1991, -32.41095890410959, 43.652054794520545)]
RSM00032389, [(1991, -38.47123287671233, 41.21369863013699)]
RSM00032509, [(1991, 3.010958904109589, 52.515068493150686)]
RSM00034432, [(1991, 37.69315068493151, 130.3095890410959)]
RSM00034555, [(1991, 57.693023255813955, 147.6496062992126)]
RSM00034723, [(1991, 73.76691729323308, 160.82222222222222)]
RSM00034759, [(1991, 51.75890410958904, 150.92602739726027)]
RSM00034825, [(1991, 65.61256544502618, 172.5165876777251)]
RSM00034927, [(1991, 72.05753424657534, 166.56164383561645)]
RSM00034954, [(1991, 63.95634920634921, 167.62857142857143)]
RSM00035011, [(1991, 9.553424657534247, 109.06575342465753)]
RSM00035026, [(1991, -20.912328767123288, 87.55890410958904)]
RSM00036229, [(1991, -51.12328767123287, 78.91506849315068)]
RSM00037018, [(1991, 102.78630136986301, 179.36164383561643)]
RSM00037126, [(1991, -3.958904109589041, 70.37808219178082)]
RSM00037228, [(1991, 49.14246575342466, 143.2821917808219)]
RSM00037471, [(1991, 61.895890410958906, 152.8027397260274)]
SAM00040360, [(1991, 121.82456140350877, 285.10855263157896)]
SAM00040375, [(1991, 150.2825278810409, 299.1003236245955)]
SAM00040420, [(1991, 185.54074074074074, 337.68524590163935)]
SAM00040435, [(1991, 198.2826086956522, 335.0)]
SFM00068262, [(1991, 123.41389728096676, 260.55555555555554)]
SG000061612, [(1991, 219.17857142857142, 364.70347003154575)]
SIE00115016, [(1991, 30.994520547945207, 95.89315068493151)]
SIE00115166, [(1991, 73.30594900849859, 177.06478873239436)]
SP000009434, [(1991, 96.65479452054795, 205.91232876712328)]
SPE00119792, [(1991, 94.02191780821917, 164.86849315068494)]
SPE00119819, [(1991, 102.62692307692308, 167.77439024390245)]
SPE00119873, [(1991, 99.64383561643835, 217.63835616438357)]
SPE00119927, [(1991, 107.33972602739726, 217.52328767123288)]
SPE00119954, [(1991, 126.42465753424658, 225.8)]
SPE00119981, [(1991, 119.76014760147602, 175.14093959731542)]
SPE00120017, [(1991, 158.28313253012047, 210.19819819819818)]
SPE00120125, [(1991, 28.84931506849315, 173.76438356164383)]
SPE00120152, [(1991, 91.29585798816568, 201.1030303030303)]
SPE00120188, [(1991, 76.78904109589041, 192.64109589041095)]
SPE00120233, [(1991, 74.43835616438356, 182.73972602739727)]
SPE00120260, [(1991, 61.32876712328767, 166.9095890410959)]
SPE00120269, [(1991, 82.27945205479452, 175.41643835616438)]
SPE00120296, [(1991, 85.09041095890412, 203.03561643835616)]
SPE00120341, [(1991, 119.85479452054794, 219.42739726027398)]
SPE00120422, [(1991, 65.56375838926175, 195.6476510067114)]
SPE00120458, [(1991, 175.45205479452054, 235.66849315068492)]
SPE00120485, [(1991, 62.56438356164384, 171.42739726027398)]
SPE00120503, [(1991, 103.56164383561644, 242.26575342465753)]
SPE00120530, [(1991, 109.28493150684932, 206.81095890410958)]
SPE00120566, [(1991, 91.0931506849315, 216.9150684931507)]
SPE00120593, [(1991, 63.515068493150686, 184.62739726027397)]
SPE00120611, [(1991, 89.21643835616439, 189.6931506849315)]
SUM00062680, [(1991, 219.18539325842696, 375.9325842696629)]
SV000001008, [(1991, -75.26575342465753, -21.473972602739725)]
SW000002120, [(1991, -45.21369863013699, 43.23561643835617)]
SWE00100003, [(1991, 34.553424657534244, 107.26849315068493)]
SWE00101863, [(1991, 54.73150684931507, 117.72876712328767)]
SWE00135169, [(1991, 72.5625, 108.05357142857143)]
SWE00135424, [(1991, 30.310344827586206, 63.304597701149426)]
SWE00136051, [(1991, 47.109034267912776, 72.07476635514018)]
SWE00136087, [(1991, 27.72, 105.82285714285715)]
SWE00136189, [(1991, 48.58064516129032, 73.01935483870967)]
SWE00136612, [(1991, -10.869318181818182, 46.83238636363637)]
SWE00137131, [(1991, 10.308641975308642, 47.75308641975309)]
SWE00137470, [(1991, -37.31267605633803, 22.495774647887323)]
SWE00137524, [(1991, 55.2, 110.88767123287671)]
SWE00137800, [(1991, -0.03225806451612903, 33.225806451612904)]
SWE00137836, [(1991, 43.74794520547945, 113.25753424657535)]
SWE00138058, [(1991, 62.73972602739726, 106.33424657534246)]
SWE00138124, [(1991, 40.07397260273972, 113.41369863013699)]
SWE00138166, [(1991, 69.55068493150685, 104.03835616438356)]
SWE00138172, [(1991, 25.65205479452055, 96.68219178082192)]
SWE00138226, [(1991, 34.50958904109589, 104.06849315068493)]
SWE00138274, [(1991, 33.57534246575342, 112.0931506849315)]
SWE00138280, [(1991, 21.564383561643837, 96.79452054794521)]
SWE00138544, [(1991, 33.68523676880223, 106.70473537604457)]
SWE00138550, [(1991, 13.0939226519337, 74.48618784530387)]
SWE00138688, [(1991, 26.632876712328766, 102.9068493150685)]
SWE00138706, [(1991, 47.15094339622642, 97.58176100628931)]
SWE00138748, [(1991, 20.052054794520547, 107.21643835616439)]
SWE00139000, [(1991, 14.552238805970148, 92.84477611940298)]
SWE00139186, [(1991, 15.728767123287671, 88.47123287671234)]
SWE00139396, [(1991, 45.917808219178085, 94.13698630136986)]
SWE00139498, [(1991, -17.65205479452055, 85.02465753424657)]
SWE00139774, [(1991, 30.221917808219178, 78.67123287671232)]
SWE00139840, [(1991, -11.00609756097561, 58.353658536585364)]
SWE00139900, [(1991, -27.156164383561645, 63.52876712328767)]
SWE00139942, [(1991, -7.542465753424658, 83.62191780821918)]
SWE00140074, [(1991, -13.520547945205479, 77.3917808219178)]
SWE00140200, [(1991, -4.306849315068493, 61.082191780821915)]
SWE00140452, [(1991, -41.3041095890411, 47.40547945205479)]
SWE00140494, [(1991, -5.0476190476190474, 69.89010989010988)]
SWE00140554, [(1991, -14.572602739726028, 61.608219178082194)]
SWE00140620, [(1991, -45.723287671232875, 47.44931506849315)]
SWE00140656, [(1991, -80.50826446280992, 10.954545454545455)]
SWE00140824, [(1991, -59.87945205479452, 37.583561643835615)]
SXM00088903, [(1991, None, 61.0)]
SZE00105086, [(1991, 43.4, 157.48767123287672)]
TH000048356, [(1991, 217.35772357723576, 322.50857142857143)]
TH000048383, [(1991, 218.15415019762847, 327.9083094555874)]
TH000048551, [(1991, 227.34444444444443, 328.06876790830944)]
TI000038716, [(1991, None, 87.28571428571429)]
TI000038851, [(1991, None, 103.88372093023256)]
TI000038947, [(1991, 102.80851063829788, 233.16913946587536)]
TOM00065387, [(1991, 239.02857142857144, 303.19555555555553)]
TU000017090, [(1991, 55.37534246575343, 152.4986301369863)]
TU000017375, [(1991, 136.0246575342466, 240.03287671232877)]
TUM00017190, [(1991, 48.397476340694006, 162.2295081967213)]
TUM00017202, [(1991, 74.29861111111111, 212.05703422053233)]
TUM00017244, [(1991, 56.524752475247524, 168.22529644268775)]
TUM00017292, [(1991, 94.08125, 211.48203592814372)]
TV000091643, [(1991, 253.27642276422765, 315.64505119453923)]
TX000038511, [(1991, 84.39393939393939, 174.7787610619469)]
TX000038634, [(1991, 127.71641791044776, 198.04761904761904)]
TX000038763, [(1991, 115.2986301369863, 224.9808219178082)]
TX000038799, [(1991, 103.65779467680608, 247.1920731707317)]
TX000038886, [(1991, 103.47916666666667, 234.66455696202533)]
UK000003808, [(1991, 80.2986301369863, 127.78082191780823)]
UKM00003590, [(1991, 54.31764705882353, 141.9965034965035)]
UPM00033231, [(1991, 37.35454545454545, 133.88732394366198)]
UPM00033246, [(1991, 39.275862068965516, 136.05573770491804)]
UPM00033429, [(1991, 40.50883392226148, 120.27444794952682)]
UPM00033711, [(1991, 45.45, 138.63430420711975)]
UPM00033915, [(1991, 50.38356164383562, 154.23835616438356)]
UPM00033990, [(1991, 101.9463601532567, 164.14199395770393)]
UPM00033999, [(1991, 22.216438356164385, 87.56164383561644)]
UPM00034509, [(1991, 49.708695652173915, 149.77037037037036)]
USC00010252, [(1991, 121.81095890410958, 250.26027397260273)]
USC00010369, [(1991, 96.22, 220.59714285714287)]
USC00011725, [(1991, 134.13150684931506, 243.7890410958904)]
USC00012730, [(1991, 123.52957746478873, 245.1573033707865)]
USC00015439, [(1991, 119.68406593406593, 242.82967032967034)]
USC00017131, [(1991, 91.83287671232877, 223.1123287671233)]
USC00018517, [(1991, 95.46218487394958, 228.60335195530726)]
USC00020080, [(1991, 161.2687747035573, 288.65612648221344)]
USC00020683, [(1991, 69.52054794520548, 257.87397260273974)]
USC00021169, [(1991, 62.52197802197802, 227.73901098901098)]
USC00021574, [(1991, 22.14626865671642, 160.27409638554218)]
USC00024586, [(1991, 4.075409836065574, 174.01941747572815)]
USC00024829, [(1991, 138.9010989010989, 303.83516483516485)]
USC00025780, [(1991, -12.914285714285715, 163.26285714285714)]
USC00026353, [(1991, 65.18181818181819, 247.1022099447514)]
USC00027880, [(1991, 93.88219178082191, 238.5068493150685)]
USC00028012, [(1991, 25.216438356164385, 201.41643835616438)]
USC00028162, [(1991, -12.950413223140496, 192.82644628099175)]
USC00028468, [(1991, 60.5921052631579, 191.07843137254903)]
USC00028792, [(1991, 46.416438356164385, 202.21369863013697)]
USC00029359, [(1991, 23.77260273972603, 166.1205479452055)]
USC00029410, [(1991, 14.073972602739726, 169.14794520547946)]
USC00030064, [(1991, 108.64657534246575, 223.39178082191782)]
USC00030130, [(1991, 113.56712328767124, 232.84931506849315)]
USC00030586, [(1991, 76.37912087912088, 207.4120879120879)]
USC00031102, [(1991, 111.75342465753425, 225.46575342465752)]
USC00031900, [(1991, 78.64383561643835, 182.3945205479452)]
USC00032794, [(1991, 82.42739726027398, 225.25)]
USC00032962, [(1991, 93.66849315068494, 219.01643835616437)]
USC00035200, [(1991, 97.26648351648352, 224.1095890410959)]
USC00035866, [(1991, 124.52824858757062, 245.68555240793202)]
USC00040738, [(1991, 17.290178571428573, 242.99553571428572)]
USC00041614, [(1991, 18.926027397260274, 165.9150684931507)]
USC00041758, [(1991, 126.17777777777778, 216.76944444444445)]
USC00042214, [(1991, 126.12074303405572, 234.25386996904024)]
USC00042574, [(1991, 44.465753424657535, 212.21917808219177)]
USC00042640, [(1991, 67.01369863013699, 235.75616438356164)]
USC00042709, [(1991, 96.54654654654655, 265.996996996997)]
USC00043261, [(1991, 86.74520547945205, 252.4849315068493)]
USC00043384, [(1991, 85.35031847133757, 224.45222929936307)]
USC00043417, [(1991, 78.01385041551247, 236.65096952908587)]
USC00043573, [(1991, 56.273972602739725, 210.23013698630137)]
USC00043714, [(1991, 72.01101928374656, 159.04696132596686)]
USC00043939, [(1991, 55.60724233983287, 190.24512534818942)]
USC00044647, [(1991, 108.59451219512195, 227.39939024390245)]
USC00044713, [(1991, 12.982857142857142, 163.27714285714285)]
USC00044890, [(1991, 97.07671232876713, 258.8164383561644)]
USC00045064, [(1991, 88.6109589041096, 214.5945205479452)]
USC00045118, [(1991, 92.22191780821917, 247.04931506849314)]
USC00045502, [(1991, 138.37278106508876, 319.77464788732397)]
USC00046144, [(1991, 86.64010989010988, 200.30494505494505)]
USC00046165, [(1991, 91.17534246575343, 245.3123287671233)]
USC00046252, [(1991, 58.47651006711409, 239.44295302013424)]
USC00046498, [(1991, 46.92877492877493, 166.88235294117646)]
USC00046624, [(1991, 92.15702479338843, 249.8236914600551)]
USC00047077, [(1991, 98.18082191780822, 266.0876712328767)]
USC00047767, [(1991, 92.0505617977528, 162.84679665738162)]
USC00048163, [(1991, 78.73287671232876, 172.1917808219178)]
USC00048826, [(1991, 62.90340909090909, 188.1505681818182)]
USC00048928, [(1991, 59.082191780821915, 212.54945054945054)]
USC00049621, [(1991, 92.63259668508287, 245.06094182825484)]
USC00049684, [(1991, 34.6986301369863, 205.42735042735043)]
USC00049699, [(1991, 84.59888579387187, 245.28133704735376)]
USC00049792, [(1991, 65.152466367713, 250.8)]
USC00050776, [(1991, -38.84166666666667, 135.82222222222222)]
USC00050797, [(1991, -44.806629834254146, 126.75487465181058)]
USC00050950, [(1991, 16.48942598187311, 179.82779456193353)]
USC00051268, [(1991, 35.87671232876713, 205.35616438356163)]
USC00051964, [(1991, -14.508241758241759, 149.08241758241758)]
USC00052192, [(1991, 8.424657534246576, 175.66301369863012)]
USC00052441, [(1991, 21.43265306122449, 186.65714285714284)]
USC00053116, [(1991, -92.56438356164384, 99.28493150684932)]
USC00053500, [(1991, -64.52328767123288, 106.82191780821918)]
USC00054076, [(1991, 38.32876712328767, 206.2082191780822)]
USC00054082, [(1991, 31.45205479452055, 176.75342465753425)]
USC00054250, [(1991, -13.201101928374655, 154.26997245179064)]
USC00054388, [(1991, 32.42345276872964, 201.3973941368078)]
USC00054664, [(1991, -58.05234159779614, 116.72451790633609)]
USC00054934, [(1991, -37.28493150684932, 137.02191780821917)]
USC00055048, [(1991, -47.465648854961835, 174.14885496183206)]
USC00055507, [(1991, -55.825484764542935, 132.58725761772854)]
USC00057031, [(1991, -9.325068870523417, 177.77134986225894)]
USC00057337, [(1991, -37.84166666666667, 135.03055555555557)]
USC00057370, [(1991, -18.9013698630137, 164.9945205479452)]
USC00057430, [(1991, -45.20718232044199, 136.2770083102493)]
USC00058756, [(1991, -55.9972602739726, 121.2)]
USC00059275, [(1991, 6.6136986301369864, 165.56164383561645)]
USC00060961, [(1991, 44.75616438356165, 168.90684931506848)]
USC00069388, [(1991, 34.501960784313724, 179.61811023622047)]
USC00073570, [(1991, 82.63013698630137, 201.18356164383562)]
USC00081163, [(1991, 153.07751937984497, 277.875)]
USC00085612, [(1991, 182.03287671232877, 279.1315068493151)]
USC00085879, [(1991, 134.98356164383563, 256.93150684931504)]
USC00086065, [(1991, 174.6, 300.82068965517243)]
USC00086485, [(1991, 202.84931506849315, 293.2986301369863)]
USC00086842, [(1991, 144.7617728531856, 258.6391184573003)]
USC00087205, [(1991, 176.24512534818942, 287.28055555555557)]
USC00087397, [(1991, 185.94246575342467, 294.54246575342466)]
USC00087760, [(1991, 189.73607038123168, 269.5877192982456)]
USC00088780, [(1991, 193.32596685082873, 302.91988950276243)]
USC00088942, [(1991, 163.68232044198896, 285.5861111111111)]
USC00090181, [(1991, 110.53501400560224, 217.61904761904762)]
USC00092485, [(1991, 95.45479452054795, 220.96986301369864)]
USC00093538, [(1991, 150.81917808219177, 258.45753424657534)]
USC00093754, [(1991, 140.67397260273972, 255.78082191780823)]
USC00094429, [(1991, 124.41095890410959, 257.2)]
USC00096244, [(1991, 132.5323943661972, 263.50422535211266)]
USC00097600, [(1991, 98.98904109589041, 216.06301369863013)]
USC00099466, [(1991, 105.32944606413994, 224.55873925501433)]
USC00102676, [(1991, -31.01412429378531, 127.4180790960452)]
USC00102892, [(1991, -2.2314814814814814, 140.92283950617283)]
USC00103297, [(1991, 8.76770538243626, 160.090395480226)]
USC00103417, [(1991, -70.88135593220339, 111.61864406779661)]
USC00107644, [(1991, -6.4301369863013695, 137.3013698630137)]
USC00108412, [(1991, 17.618374558303888, 128.38162544169612)]
USC00108535, [(1991, -29.083333333333332, 126.61206896551724)]
USC00108928, [(1991, 56.08815426997245, 201.07967032967034)]
USC00109303, [(1991, 19.18904109589041, 156.74794520547945)]
USC00109846, [(1991, 8.506849315068493, 122.92328767123287)]
USC00111280, [(1991, 81.63287671232877, 187.15890410958903)]
USC00111436, [(1991, 78.5, 181.27123287671233)]
USC00111835, [(1991, -35.69565217391305, 90.58695652173913)]
USC00112348, [(1991, 43.50410958904109, 152.4027397260274)]
USC00112483, [(1991, 90.82191780821918, 198.9808219178082)]
USC00112687, [(1991, 75.48493150684932, 184.12328767123287)]
USC00113413, [(1991, 58.62465753424657, 171.43287671232878)]
USC00113455, [(1991, 59.92328767123288, 165.36164383561643)]
USC00114013, [(1991, 38.780281690140846, 175.0536723163842)]
USC00114805, [(1991, 61.44931506849315, 180.12328767123287)]
USC00115888, [(1991, 88.32054794520548, 203.94017094017093)]
USC00116011, [(1991, 83.77808219178083, 196.15068493150685)]
USC00116200, [(1991, 52.66208791208791, 171.72802197802199)]
USC00116446, [(1991, 88.03013698630137, 195.36712328767123)]
USC00117004, [(1991, 38.38356164383562, 164.27671232876713)]
USC00117391, [(1991, 67.9068493150685, 163.42465753424656)]
USC00117487, [(1991, 75.73972602739725, 203.76986301369863)]
USC00118147, [(1991, 90.27671232876712, 201.8)]
USC00119002, [(1991, 85.8027397260274, 188.37808219178083)]
USC00120331, [(1991, 89.77830188679245, 207.58962264150944)]
USC00121873, [(1991, 38.13186813186813, 166.54578754578753)]
USC00122149, [(1991, 66.0931506849315, 183.33150684931508)]
USC00123418, [(1991, 62.44931506849315, 167.5521978021978)]
USC00123547, [(1991, 77.8027397260274, 176.8)]
USC00124837, [(1991, 63.23561643835617, 156.8986301369863)]
USC00126001, [(1991, 90.54246575342465, 194.18904109589042)]
USC00127102, [(1991, 53.25, 157.66027397260274)]
USC00127522, [(1991, 75.06593406593407, 189.21428571428572)]
USC00127999, [(1991, 73.00549450549451, 179.26575342465753)]
USC00129670, [(1991, 53.34530386740332, 165.2596685082873)]
USC00130213, [(1991, 35.12054794520548, 155.74794520547945)]
USC00131233, [(1991, 36.4532967032967, 148.3013698630137)]
USC00134101, [(1991, 61.98082191780822, 170.5205479452055)]
USC00134389, [(1991, 60.88493150684931, 183.02739726027397)]
USC00136243, [(1991, 43.205479452054796, 163.9917808219178)]
USC00137161, [(1991, 39.76438356164383, 146.7945205479452)]
USC00137386, [(1991, 21.53698630136986, 132.76712328767124)]
USC00138568, [(1991, 41.08839779005525, 152.13186813186815)]
USC00139132, [(1991, 47.352617079889804, 164.30578512396696)]
USC00142432, [(1991, 55.31043956043956, 207.1098901098901)]
USC00142894, [(1991, 90.55342465753425, 211.80547945205478)]
USC00143074, [(1991, 85.93698630136986, 204.53424657534248)]
USC00143527, [(1991, 55.6958904109589, 206.7972602739726)]
USC00143554, [(1991, 43.21643835616438, 199.986301369863)]
USC00145039, [(1991, 68.6, 200.03835616438357)]
USC00145363, [(1991, 74.87945205479453, 213.55616438356165)]
USC00145870, [(1991, 94.09217877094972, 222.48189415041782)]
USC00145972, [(1991, 85.78630136986301, 200.84383561643835)]
USC00147397, [(1991, 49.632876712328766, 201.06849315068493)]
USC00147796, [(1991, 77.77839335180056, 206.83102493074793)]
USC00147922, [(1991, 61.5068870523416, 209.12396694214877)]
USC00153295, [(1991, 89.8112676056338, 212.24786324786325)]
USC00153382, [(1991, 58.98324022346369, 188.70111731843576)]
USC00153604, [(1991, 86.75862068965517, 192.03930131004367)]
USC00155389, [(1991, -3.6666666666666665, 111.80459770114942)]
USC00156136, [(1991, 80.18356164383562, 217.14794520547946)]
USC00157324, [(1991, 49.88767123287671, 199.8931506849315)]
USC00158446, [(1991, 86.80415430267063, 205.51632047477744)]
USC00160537, [(1991, 121.95068493150686, 235.66301369863012)]
USC00161287, [(1991, 142.12912087912088, 245.3956043956044)]
USC00162367, [(1991, 141.38842975206612, 253.29201101928373)]
USC00165892, [(1991, 122.3890410958904, 251.3945205479452)]
USC00170200, [(1991, -48.08635097493036, 97.0)]
USC00171430, [(1991, -24.738805970149254, 127.5320754716981)]
USC00171472, [(1991, -27.545454545454547, 99.88686131386861)]
USC00171628, [(1991, -1.0794520547945206, 129.986301369863)]
USC00173944, [(1991, -9.098630136986301, 115.16712328767123)]
USC00174193, [(1991, 24.46685082872928, 134.74515235457065)]
USC00174781, [(1991, -12.29041095890411, 101.98082191780821)]
USC00176599, [(1991, -139.46236559139786, 5.223404255319149)]
USC00176881, [(1991, 43.87945205479452, 120.52602739726028)]
USC00177325, [(1991, 12.338842975206612, 130.31129476584022)]
USC00180193, [(1991, 80.83880597014925, 203.9671641791045)]
USC00185080, [(1991, 89.79452054794521, 205.41095890410958)]
USC00188065, [(1991, 43.52054794520548, 170.95068493150686)]
USC00189070, [(1991, 70.24109589041096, 205.65753424657535)]
USC00190120, [(1991, 36.09972299168975, 169.16897506925207)]
USC00190759, [(1991, 18.897959183673468, 133.5736040609137)]
USC00191386, [(1991, 65.34131736526946, 131.03892215568862)]
USC00192451, [(1991, 63.05205479452055, 155.85205479452054)]
USC00193213, [(1991, 22.704109589041096, 154.74246575342465)]
USC00198367, [(1991, 53.18356164383562, 168.05753424657533)]
USC00200230, [(1991, 53.917808219178085, 160.5013698630137)]
USC00200710, [(1991, 44.27945205479452, 162.9804469273743)]
USC00203290, [(1991, 60.612637362637365, 141.89835164835165)]
USC00203932, [(1991, 5.082191780821918, 133.86849315068494)]
USC00204655, [(1991, 43.1972602739726, 154.43406593406593)]
USC00204967, [(1991, -34.684, 107.936)]
USC00205450, [(1991, 40.45205479452055, 164.0)]
USC00205531, [(1991, 19.89041095890411, 136.03835616438357)]
USC00205567, [(1991, 39.43287671232877, 139.32602739726028)]
USC00205816, [(1991, 1.5508982035928143, 108.0)]
USC00206680, [(1991, 37.76164383561644, 151.43835616438355)]
USC00207253, [(1991, 26.63013698630137, 145.81095890410958)]
USC00207274, [(1991, 20.77910447761194, 100.94925373134329)]
USC00207280, [(1991, 35.05307262569833, 146.48882681564245)]
USC00207820, [(1991, 19.805479452054794, 138.7013698630137)]
USC00211390, [(1991, 16.295890410958904, 122.62465753424658)]
USC00211465, [(1991, 23.742465753424657, 141.27945205479452)]
USC00211891, [(1991, -9.084931506849315, 110.58356164383562)]
USC00212050, [(1991, -13.383522727272727, 102.87887323943661)]
USC00212842, [(1991, -13.296918767507004, 109.61624649859944)]
USC00214306, [(1991, 1.1586715867158672, 131.68634686346863)]
USC00214861, [(1991, 9.923287671232877, 122.74794520547945)]
USC00215563, [(1991, 21.934246575342467, 135.51232876712328)]
USC00215638, [(1991, 3.989041095890411, 121.26849315068493)]
USC00215665, [(1991, 24.684931506849313, 121.68767123287671)]
USC00216787, [(1991, -4.136986301369863, 119.97534246575343)]
USC00217405, [(1991, 27.859116022099446, 137.14958448753464)]
USC00218323, [(1991, 25.931506849315067, 130.42465753424656)]
USC00218419, [(1991, 0.9287671232876712, 95.3890410958904)]
USC00218656, [(1991, -19.555555555555557, 116.67489711934157)]
USC00219004, [(1991, 13.830136986301369, 119.43561643835616)]
USC00219046, [(1991, 20.06027397260274, 123.12328767123287)]
USC00219067, [(1991, 26.426865671641792, 129.58507462686566)]
USC00220021, [(1991, 132.17142857142858, 269.60816326530613)]
USC00220585, [(1991, 119.15625, 264.984375)]
USC00221962, [(1991, 109.46575342465754, 228.0054794520548)]
USC00223975, [(1991, 118.17548746518106, 221.66016713091923)]
USC00229639, [(1991, 151.8029197080292, 275.38321167883214)]
USC00230608, [(1991, 52.5013698630137, 171.13698630136986)]
USC00230980, [(1991, 76.20054945054945, 188.90384615384616)]
USC00231364, [(1991, 104.37534246575342, 208.1972602739726)]
USC00231580, [(1991, 63.156164383561645, 180.9890410958904)]
USC00233038, [(1991, 74.72328767123288, 199.66301369863012)]
USC00234226, [(1991, 98.73829201101928, 209.22465753424657)]
USC00234544, [(1991, 73.57831325301204, 177.7125748502994)]
USC00234694, [(1991, 80.88767123287671, 200.25753424657535)]
USC00235834, [(1991, 76.28767123287672, 192.5150684931507)]
USC00237475, [(1991, 86.44134078212291, 195.70670391061452)]
USC00237514, [(1991, 69.71506849315068, 184.3972602739726)]
USC00237772, [(1991, 97.93424657534247, 201.16712328767125)]
USC00239032, [(1991, 66.9888888888889, 190.70247933884298)]
USC00240775, [(1991, -46.723287671232875, 118.14246575342466)]
USC00240877, [(1991, -18.20689655172414, 126.89306358381504)]
USC00241084, [(1991, 0.6358543417366946, 166.22408963585434)]
USC00241102, [(1991, 13.509589041095891, 163.2082191780822)]
USC00241984, [(1991, -3.5357142857142856, 147.9065934065934)]
USC00242122, [(1991, -6.282191780821917, 149.11780821917807)]
USC00242347, [(1991, -24.900849858356942, 148.34745762711864)]
USC00242827, [(1991, 8.835616438356164, 143.62191780821917)]
USC00243013, [(1991, 6.8931506849315065, 166.14794520547946)]
USC00244345, [(1991, 3.5178082191780824, 160.5150684931507)]
USC00244447, [(1991, -43.53972602739726, 101.13150684931507)]
USC00244954, [(1991, -16.810439560439562, 113.55342465753425)]
USC00245011, [(1991, 5.1068493150684935, 144.86575342465753)]
USC00245080, [(1991, 7.049315068493151, 142.5972602739726)]
USC00245338, [(1991, -8.144171779141104, 154.93175074183975)]
USC00245596, [(1991, 19.21095890410959, 164.44657534246576)]
USC00245872, [(1991, 15.5703125, 176.515625)]
USC00246472, [(1991, -17.246575342465754, 136.8931506849315)]
USC00246640, [(1991, 24.313186813186814, 144.26923076923077)]
USC00246655, [(1991, 0.6319018404907976, 126.16564417177914)]
USC00247228, [(1991, 3.6027397260273974, 158.47123287671232)]
USC00247234, [(1991, 1.3287671232876712, 164.88219178082193)]
USC00247864, [(1991, 2.265753424657534, 149.92328767123288)]
USC00248233, [(1991, 2.689655172413793, 176.08275862068965)]
USC00248809, [(1991, -2.117808219178082, 120.01369863013699)]
USC00248857, [(1991, -86.22988505747126, 76.4367816091954)]
USC00248902, [(1991, -5.35068493150685, 122.54520547945205)]
USC00249103, [(1991, 14.461538461538462, 139.76098901098902)]
USC00251200, [(1991, 32.622754491017965, 181.61976047904193)]
USC00251365, [(1991, 39.082191780821915, 174.33698630136988)]
USC00251560, [(1991, 52.84931506849315, 181.47671232876712)]
USC00251575, [(1991, 8.050314465408805, 176.85849056603774)]
USC00252595, [(1991, 35.25690607734806, 173.74520547945207)]
USC00253660, [(1991, 47.42465753424658, 180.46301369863014)]
USC00253735, [(1991, 44.38082191780822, 182.56712328767122)]
USC00254110, [(1991, 38.35342465753425, 188.13972602739727)]
USC00254335, [(1991, 31.605479452054794, 181.22739726027396)]
USC00255565, [(1991, 45.728767123287675, 194.84383561643835)]
USC00256375, [(1991, 46.054794520547944, 176.9095890410959)]
USC00256570, [(1991, 63.067251461988306, 197.5982404692082)]
USC00257515, [(1991, 35.59504132231405, 173.23140495867767)]
USC00260800, [(1991, -7.301369863013699, 164.0246575342466)]
USC00261415, [(1991, 32.58217270194986, 128.7966573816156)]
USC00262780, [(1991, 13.793956043956044, 193.44230769230768)]
USC00263245, [(1991, 14.62087912087912, 185.4835164835165)]
USC00263515, [(1991, 51.31612903225806, 202.92903225806452)]
USC00263671, [(1991, 48.827195467422094, 219.92613636363637)]
USC00264394, [(1991, -10.753424657534246, 148.96712328767123)]
USC00264745, [(1991, 6.43768115942029, 185.54202898550724)]
USC00266005, [(1991, -16.59077809798271, 186.5)]
USC00266242, [(1991, -30.866666666666667, 161.37465564738292)]
USC00267175, [(1991, -29.298342541436465, 153.97513812154696)]
USC00267640, [(1991, -11.695890410958905, 150.0958904109589)]
USC00267697, [(1991, 22.0, 194.49175824175825)]
USC00268588, [(1991, 134.5655172413793, 261.76206896551724)]
USC00268822, [(1991, -3.2653061224489797, 186.42274052478135)]
USC00270703, [(1991, 19.08761329305136, 141.10271903323263)]
USC00273850, [(1991, 26.944289693593316, 144.6908077994429)]
USC00274234, [(1991, 23.29041095890411, 158.36986301369862)]
USC00274399, [(1991, 10.043956043956044, 151.13774104683196)]
USC00281335, [(1991, 57.84109589041096, 184.1013698630137)]
USC00286177, [(1991, 42.114525139664806, 170.50696378830082)]
USC00288073, [(1991, 84.93040293040293, 212.74725274725276)]
USC00290041, [(1991, 23.86027397260274, 175.3890410958904)]
USC00290245, [(1991, 18.772222222222222, 196.01392757660167)]
USC00290692, [(1991, 24.35890410958904, 187.013698630137)]
USC00290983, [(1991, 29.60062893081761, 196.38679245283018)]
USC00291286, [(1991, 66.11834319526628, 240.38253012048193)]
USC00291469, [(1991, 91.7967032967033, 250.7912087912088)]
USC00291664, [(1991, -44.53972602739726, 138.15890410958903)]
USC00291982, [(1991, 44.52054794520548, 198.0054794520548)]
USC00292096, [(1991, 19.18384401114206, 166.65459610027855)]
USC00292453, [(1991, 19.213698630136985, 172.7178082191781)]
USC00293488, [(1991, -27.206043956043956, 125.76648351648352)]
USC00294112, [(1991, 66.61561561561561, 237.4047619047619)]
USC00294742, [(1991, -23.975206611570247, 141.2451790633609)]
USC00296275, [(1991, -11.893150684931507, 163.83013698630137)]
USC00296281, [(1991, 105.71176470588236, 262.87719298245617)]
USC00297226, [(1991, 46.74438202247191, 202.71468926553672)]
USC00297280, [(1991, -3.147945205479452, 177.6109589041096)]
USC00297340, [(1991, 53.22527472527472, 235.17534246575343)]
USC00298015, [(1991, 6.03021978021978, 166.09615384615384)]
USC00298501, [(1991, 11.596541786743515, 192.12968299711815)]
USC00298921, [(1991, 28.441520467836256, 186.16081871345028)]
USC00299686, [(1991, 62.51951951951952, 254.01501501501502)]
USC00299806, [(1991, 14.233038348082596, 195.48529411764707)]
USC00300085, [(1991, 17.34834834834835, 162.0810810810811)]
USC00300937, [(1991, 72.7008547008547, 170.29237288135593)]
USC00303184, [(1991, 47.397260273972606, 147.06301369863013)]
USC00303259, [(1991, 65.46849315068494, 186.6931506849315)]
USC00303319, [(1991, 6.053941908713693, 124.52282157676349)]
USC00303346, [(1991, 11.145205479452056, 135.9945205479452)]
USC00303889, [(1991, 8.588397790055248, 129.58287292817678)]
USC00304555, [(1991, -5.788461538461538, 123.84958217270194)]
USC00304717, [(1991, 44.397260273972606, 160.81095890410958)]
USC00304912, [(1991, 10.484931506849316, 123.03013698630137)]
USC00304996, [(1991, 15.542465753424658, 117.11232876712329)]
USC00305113, [(1991, 20.28219178082192, 148.6)]
USC00305512, [(1991, 37.453947368421055, 156.35197368421052)]
USC00307633, [(1991, 81.14794520547945, 173.3041095890411)]
USC00308248, [(1991, 5.764383561643836, 111.26301369863013)]
USC00308944, [(1991, 0.6657458563535912, 122.65289256198348)]
USC00310576, [(1991, 113.51396648044692, 235.87709497206703)]
USC00311677, [(1991, 100.72328767123288, 225.37534246575342)]
USC00313228, [(1991, 77.15616438356165, 216.6109589041096)]
USC00314260, [(1991, 82.78915662650603, 209.0725075528701)]
USC00314464, [(1991, 100.35342465753425, 226.4027397260274)]
USC00314689, [(1991, 114.12602739726027, 242.68493150684932)]
USC00314938, [(1991, 89.12430939226519, 222.11263736263737)]
USC00315340, [(1991, 93.7068493150685, 217.19452054794522)]
USC00318292, [(1991, 87.72054794520548, 221.65205479452055)]
USC00318448, [(1991, 64.45479452054795, 154.07945205479453)]
USC00319081, [(1991, 129.86423841059602, 256.1920529801325)]
USC00319555, [(1991, 79.0, 221.2821917808219)]
USC00320626, [(1991, -50.13978494623656, 98.80970149253731)]
USC00322312, [(1991, -10.926027397260274, 110.28767123287672)]
USC00323287, [(1991, 9.158904109589042, 130.52876712328768)]
USC00323686, [(1991, -3.961876832844575, 124.73313782991202)]
USC00323908, [(1991, -0.7397260273972602, 131.3972602739726)]
USC00324013, [(1991, -3.839622641509434, 124.11875)]
USC00324178, [(1991, -2.1712707182320443, 134.88950276243094)]
USC00326155, [(1991, -2.4747191011235956, 139.57183098591548)]
USC00326365, [(1991, 2.8956043956043955, 135.03571428571428)]
USC00326620, [(1991, -4.6136986301369864, 128.64931506849314)]
USC00328276, [(1991, -15.808219178082192, 109.8958904109589)]
USC00329233, [(1991, -102.42622950819673, 18.868852459016395)]
USC00330061, [(1991, 76.24309392265194, 174.97790055248618)]
USC00331528, [(1991, 67.08100558659218, 190.0807799442897)]
USC00332791, [(1991, 67.76164383561644, 168.67945205479452)]
USC00332974, [(1991, 59.71232876712329, 159.53571428571428)]
USC00334189, [(1991, 65.04109589041096, 171.41643835616438)]
USC00334681, [(1991, 66.70294117647059, 182.65588235294118)]
USC00335356, [(1991, 66.75149700598803, 201.44610778443115)]
USC00335857, [(1991, 47.172602739726024, 178.01643835616437)]
USC00336118, [(1991, 60.71780821917808, 162.0109589041096)]
USC00336781, [(1991, 80.20547945205479, 188.56986301369864)]
USC00337693, [(1991, 55.136986301369866, 171.14794520547946)]
USC00338794, [(1991, 74.23835616438356, 177.25479452054793)]
USC00340567, [(1991, 96.87818696883852, 220.57422969187675)]
USC00341902, [(1991, 103.75766871165644, 235.61027190332325)]
USC00344812, [(1991, 98.40202702702703, 228.34797297297297)]
USC00349399, [(1991, 112.79430379746836, 246.04746835443038)]
USC00350854, [(1991, -16.924471299093657, 169.90936555891238)]
USC00351055, [(1991, 73.31232876712329, 162.26575342465753)]
USC00351433, [(1991, 41.11232876712329, 163.07397260273973)]
USC00351448, [(1991, 41.61917808219178, 207.17534246575343)]
USC00351643, [(1991, 53.61643835616438, 159.7013698630137)]
USC00352135, [(1991, -34.83555555555556, 138.05333333333334)]
USC00352597, [(1991, 0.1863013698630137, 163.01643835616437)]
USC00352678, [(1991, -12.580459770114942, 164.38616714697406)]
USC00352867, [(1991, 62.814516129032256, 186.48790322580646)]
USC00353047, [(1991, 52.01917808219178, 174.92054794520547)]
USC00353095, [(1991, -42.494219653179194, 155.7398843930636)]
USC00353770, [(1991, 63.48351648351648, 172.47527472527472)]
USC00353995, [(1991, 65.4294670846395, 164.14556962025316)]
USC00354133, [(1991, 68.49006622516556, 231.68211920529802)]
USC00354175, [(1991, 7.2936046511627906, 151.13293051359517)]
USC00355174, [(1991, 15.598901098901099, 161.82967032967034)]
USC00355384, [(1991, 59.74033149171271, 177.56906077348066)]
USC00356173, [(1991, 19.55, 123.0)]
USC00356749, [(1991, 81.72328767123288, 169.5041095890411)]
USC00357631, [(1991, 49.44931506849315, 140.93424657534246)]
USC00358420, [(1991, -8.087976539589443, 167.9205882352941)]
USC00358726, [(1991, -31.716346153846153, 122.20192307692308)]
USC00358780, [(1991, -16.634453781512605, 175.2983193277311)]
USC00359461, [(1991, 55.43835616438356, 181.3178082191781)]
USC00360763, [(1991, 71.90384615384616, 175.4313186813187)]
USC00362470, [(1991, 33.88493150684931, 170.84657534246574)]
USC00363295, [(1991, 42.603305785123965, 156.72876712328767)]
USC00366508, [(1991, 55.201101928374655, 182.08264462809916)]
USC00368560, [(1991, 38.084931506849315, 161.45753424657534)]
USC00368596, [(1991, 51.04109589041096, 187.186301369863)]
USC00368905, [(1991, 38.16986301369863, 167.37260273972603)]
USC00369298, [(1991, 39.50958904109589, 157.14794520547946)]
USC00380074, [(1991, 111.97260273972603, 253.1260273972603)]
USC00380764, [(1991, 118.1013698630137, 253.92328767123288)]
USC00381256, [(1991, 85.52876712328766, 172.1972602739726)]
USC00381277, [(1991, 115.3, 235.41142857142856)]
USC00385306, [(1991, 106.33241758241758, 239.9945054945055)]
USC00386293, [(1991, 90.74175824175825, 218.40934065934067)]
USC00388405, [(1991, 141.89067524115757, 239.79032258064515)]
USC00388426, [(1991, 126.86027397260274, 256.5041095890411)]
USC00388786, [(1991, 91.4986301369863, 224.83287671232875)]
USC00389350, [(1991, 120.66849315068494, 230.44657534246576)]
USC00390043, [(1991, 19.54794520547945, 160.64109589041095)]
USC00390559, [(1991, 16.28767123287671, 159.42465753424656)]
USC00390565, [(1991, 6.362637362637362, 149.06301369863013)]
USC00391294, [(1991, 6.038356164383561, 156.56712328767122)]
USC00391579, [(1991, 24.361643835616437, 149.87671232876713)]
USC00392557, [(1991, 11.43013698630137, 161.86027397260273)]
USC00393076, [(1991, 24.502747252747252, 176.30769230769232)]
USC00393217, [(1991, 6.115068493150685, 147.73424657534247)]
USC00393832, [(1991, 18.34246575342466, 149.15342465753426)]
USC00393868, [(1991, -19.638356164383563, 138.4191780821918)]
USC00395506, [(1991, 13.758333333333333, 162.0861111111111)]
USC00395620, [(1991, 23.96153846153846, 156.09615384615384)]
USC00396574, [(1991, 42.92602739726028, 169.16164383561645)]
USC00396736, [(1991, -6.720547945205479, 162.15342465753426)]
USC00396790, [(1991, 23.0989010989011, 161.27197802197801)]
USC00399070, [(1991, 39.9013698630137, 160.33972602739726)]
USC00399232, [(1991, 31.375342465753423, 165.8794520547945)]
USC00399442, [(1991, 26.345205479452055, 166.04931506849314)]
USC00401587, [(1991, 90.23013698630137, 224.73698630136985)]
USC00403420, [(1991, 73.15890410958905, 203.8876712328767)]
USC00405040, [(1991, 71.34722222222223, 191.82777777777778)]
USC00406012, [(1991, 96.11780821917809, 217.66575342465754)]
USC00406162, [(1991, 94.12947658402204, 193.06887052341597)]
USC00406534, [(1991, 85.95616438356164, 212.22739726027396)]
USC00407359, [(1991, 99.96164383561644, 204.5917808219178)]
USC00408160, [(1991, 103.27397260273973, 220.6876712328767)]
USC00409492, [(1991, 85.09243697478992, 222.2594142259414)]
USC00410305, [(1991, 181.26285714285714, 257.9145299145299)]
USC00410482, [(1991, 123.85479452054794, 259.3150684931507)]
USC00410665, [(1991, 132.5879120879121, 249.7032967032967)]
USC00411007, [(1991, 130.0989010989011, 278.56043956043953)]
USC00411013, [(1991, 136.45454545454547, 267.7073863636364)]
USC00411250, [(1991, 121.52328767123288, 243.56712328767122)]
USC00411412, [(1991, 77.54520547945205, 233.43013698630136)]
USC00411772, [(1991, 111.1972602739726, 229.22252747252747)]
USC00412012, [(1991, 63.62534435261708, 242.4986301369863)]
USC00412114, [(1991, 129.9366391184573, 240.62637362637363)]
USC00412906, [(1991, 127.01095890410959, 303.9478021978022)]
USC00413005, [(1991, 122.68555240793201, 242.37393767705382)]
USC00413047, [(1991, 127.78393351800554, 253.29131652661064)]
USC00413299, [(1991, 119.06818181818181, 268.1318181818182)]
USC00413614, [(1991, 130.9753424657534, 245.87671232876713)]
USC00414931, [(1991, 91.75414364640883, 250.71703296703296)]
USC00415018, [(1991, 107.77534246575343, 240.52602739726026)]
USC00415822, [(1991, 102.83045977011494, 249.11494252873564)]
USC00415891, [(1991, 104.56906077348066, 251.5977961432507)]
USC00415972, [(1991, 177.5977961432507, 301.5206611570248)]
USC00416104, [(1991, 75.5564738292011, 198.4793388429752)]
USC00416119, [(1991, 121.52472527472527, 232.67123287671234)]
USC00416146, [(1991, 123.3021978021978, 255.66849315068492)]
USC00416680, [(1991, 147.6986301369863, 242.06575342465754)]
USC00416734, [(1991, 105.32876712328768, 247.15068493150685)]
USC00416740, [(1991, 96.67032967032966, 233.8653846153846)]
USC00416776, [(1991, 69.44383561643835, 208.13698630136986)]
USC00416950, [(1991, 60.50413223140496, 210.2292817679558)]
USC00416959, [(1991, 120.15407854984895, 276.3394495412844)]
USC00417079, [(1991, 76.72602739726027, 214.56438356164384)]
USC00417232, [(1991, 111.90571428571428, 244.545197740113)]
USC00417706, [(1991, 128.02564102564102, 262.1208791208791)]
USC00417841, [(1991, 129.96164383561643, 232.986301369863)]
USC00418252, [(1991, 111.63788300835654, 260.5208913649025)]
USC00418354, [(1991, 170.6556886227545, 269.79640718562877)]
USC00418630, [(1991, 98.11783439490446, 241.33333333333334)]
USC00418861, [(1991, 133.16164383561645, 256.6575342465753)]
USC00418942, [(1991, 124.87945205479453, 235.34794520547945)]
USC00419014, [(1991, 109.7041095890411, 241.83561643835617)]
USC00419101, [(1991, 132.72252747252747, 244.68956043956044)]
USC00419191, [(1991, 99.68767123287671, 244.21763085399448)]
USC00420487, [(1991, -9.63276836158192, 138.180790960452)]
USC00420757, [(1991, -26.233516483516482, 52.467032967032964)]
USC00420802, [(1991, -24.203125, 152.046875)]
USC00421168, [(1991, 29.14457831325301, 192.97597597597598)]
USC00421918, [(1991, 31.087671232876712, 154.586301369863)]
USC00422173, [(1991, -0.5698630136986301, 175.55890410958904)]
USC00426601, [(1991, -36.205479452054796, 168.94520547945206)]
USC00427318, [(1991, -72.79661016949153, 50.389830508474574)]
USC00427846, [(1991, -36.06027397260274, 85.95342465753424)]
USC00429133, [(1991, 1.9972602739726026, 173.24931506849316)]
USC00429595, [(1991, -46.239010989010985, 121.8082191780822)]
USC00439099, [(1991, -24.64109589041096, 118.9041095890411)]
USC00441322, [(1991, 81.05753424657534, 220.1041095890411)]
USC00443071, [(1991, 51.3489010989011, 186.31043956043956)]
USC00445828, [(1991, 80.15135135135135, 192.92432432432432)]
USC00446692, [(1991, 85.16986301369863, 212.7917808219178)]
USC00448129, [(1991, 102.05147058823529, 239.24422442244224)]
USC00448600, [(1991, 76.94520547945206, 212.46849315068494)]
USC00448888, [(1991, 72.61111111111111, 206.8192419825073)]
USC00448894, [(1991, 94.02739726027397, 218.8904109589041)]
USC00449215, [(1991, 76.87671232876713, 183.04931506849314)]
USC00449263, [(1991, 57.512328767123286, 215.18082191780823)]
USC00451666, [(1991, 24.257617728531855, 141.98891966759004)]
USC00452542, [(1991, 46.83835616438356, 168.7041095890411)]
USC00452563, [(1991, 24.52212389380531, 162.89226519337018)]
USC00452914, [(1991, 54.33972602739726, 152.7013698630137)]
USC00453184, [(1991, 0.8045977011494253, 146.90395480225988)]
USC00453529, [(1991, 40.8133704735376, 163.30277777777778)]
USC00453730, [(1991, -10.285318559556787, 118.40997229916897)]
USC00453826, [(1991, 40.35537190082645, 151.6198347107438)]
USC00456262, [(1991, 42.59452054794521, 158.54520547945205)]
USC00457180, [(1991, 28.666666666666668, 148.86501377410468)]
USC00457342, [(1991, 28.730593607305938, 185.62100456621005)]
USC00457696, [(1991, 29.54794520547945, 167.04931506849314)]
USC00458059, [(1991, 39.33698630136986, 148.10714285714286)]
USC00458959, [(1991, 44.54520547945206, 183.0904109589041)]
USC00459058, [(1991, 21.206349206349206, 134.0212765957447)]
USC00459079, [(1991, 35.95890410958904, 174.64109589041095)]
USC00459376, [(1991, 6.32054794520548, 157.3232876712329)]
USC00461215, [(1991, 37.52463768115942, 166.67246376811593)]
USC00461677, [(1991, 60.69041095890411, 184.13150684931506)]
USC00462709, [(1991, 61.00277777777778, 185.0611111111111)]
USC00463072, [(1991, 69.06575342465753, 159.13698630136986)]
USC00466591, [(1991, 61.00826446280992, 180.74380165289256)]
USC00467029, [(1991, 69.03013698630137, 194.38082191780822)]
USC00470308, [(1991, 21.805479452054794, 144.4904109589041)]
USC00471205, [(1991, 31.052023121387283, 147.9585635359116)]
USC00471280, [(1991, 49.81137724550898, 144.38023952095807)]
USC00471970, [(1991, 25.293150684931508, 145.95890410958904)]
USC00472165, [(1991, 7.972602739726027, 145.57808219178082)]
USC00473332, [(1991, 0.6109589041095891, 109.05753424657534)]
USC00475012, [(1991, 92.50267379679144, 204.63829787234042)]
USC00475120, [(1991, 8.489010989010989, 132.64109589041095)]
USC00475474, [(1991, 51.972527472527474, 155.19230769230768)]
USC00475786, [(1991, 18.59178082191781, 144.986301369863)]
USC00476200, [(1991, 32.3041095890411, 140.16986301369863)]
USC00476764, [(1991, 40.85479452054795, 124.28493150684932)]
USC00477052, [(1991, 56.901315789473685, 156.41776315789474)]
USC00477892, [(1991, -27.194520547945206, 114.92876712328767)]
USC00478951, [(1991, 22.75, 130.53296703296704)]
USC00479050, [(1991, 18.28443113772455, 126.53293413173652)]
USC00479335, [(1991, 2.1424657534246574, 125.26721763085399)]
USC00482242, [(1991, -82.19318181818181, 97.875)]
USC00482410, [(1991, 0.17174515235457063, 151.97783933518005)]
USC00482995, [(1991, -19.186301369863013, 116.26575342465753)]
USC00483031, [(1991, 3.2, 148.95616438356166)]
USC00485260, [(1991, 13.303116147308781, 179.6317280453258)]
USC00487990, [(1991, -12.632876712328768, 136.85205479452054)]
USC00488875, [(1991, 8.843406593406593, 169.75)]
USC00489805, [(1991, 22.532608695652176, 172.2336956521739)]
USC00500302, [(1991, -15.924157303370787, 68.29494382022472)]
USC00501763, [(1991, 25.258503401360546, 91.62837837837837)]
USC00503530, [(1991, 7.688760806916426, 76.93083573487031)]
USC00504550, [(1991, -29.71604938271605, 55.351851851851855)]
USC00507097, [(1991, -91.66666666666667, 20.518072289156628)]
USC00507352, [(1991, -29.222535211267605, 75.37464788732395)]
USC00508183, [(1991, 31.03038674033149, 71.12429378531074)]
USC00509641, [(1991, -78.00824175824175, 42.642857142857146)]
USC00515011, [(1991, 82.66459627329192, 174.2049689440994)]
USC00518422, [(1991, 191.0463768115942, 277.063768115942)]
USC00519397, [(1991, 211.3185595567867, 286.38504155124656)]
USC00519523, [(1991, 212.67397260273972, 269.6246575342466)]
USR0000ABEN, [(1991, 53.421052631578945, 170.5672514619883)]
USR0000ACOL, [(1991, -71.86666666666666, 18.866666666666667)]
USR0000AHOD, [(1991, -35.79024390243902, 40.03414634146341)]
USR0000AKEN, [(1991, 4.525490196078431, 105.84705882352941)]
USR0000AMAY, [(1991, -10.483720930232558, 144.1860465116279)]
USR0000AMTL, [(1991, 27.726027397260275, 143.4054794520548)]
USR0000ASEL, [(1991, -17.23, 119.08)]
USR0000ASSA, [(1991, 0.1917808219178082, 152.21369863013697)]
USR0000ATWE, [(1991, 92.33972602739726, 206.72602739726028)]
USR0000BRYS, [(1991, 39.9013698630137, 183.7068493150685)]
USR0000CAPT, [(1991, 88.13218390804597, 239.57471264367817)]
USR0000CASH, [(1991, -41.44871794871795, 90.11538461538461)]
USR0000CBLT, [(1991, 67.73480662983425, 216.6767955801105)]
USR0000CBUT, [(1991, 26.628808864265928, 161.2742382271468)]
USR0000CCAL, [(1991, 19.350974930362117, 199.46796657381614)]
USR0000CEDM, [(1991, 25.698060941828256, 172.9224376731302)]
USR0000CESP, [(1991, 48.78963414634146, 193.5030487804878)]
USR0000CHUN, [(1991, 11.276712328767124, 138.6054794520548)]
USR0000CLDR, [(1991, 43.895890410958906, 146.9041095890411)]
USR0000CLOS, [(1991, -7.073394495412844, 136.52293577981652)]
USR0000CLVR, [(1991, 87.75766016713092, 211.30362116991643)]
USR0000CLYO, [(1991, 97.12876712328767, 191.16986301369863)]
USR0000CMAN, [(1991, 17.752336448598133, 199.10280373831776)]
USR0000CPAT, [(1991, 87.48502994011976, 279.00898203592817)]
USR0000CPOR, [(1991, -76.87945205479453, 92.4958904109589)]
USR0000CSCI, [(1991, 70.2534435261708, 184.80440771349862)]
USR0000CYUC, [(1991, 66.57821229050279, 227.33240223463687)]
USR0000IDEA, [(1991, 61.14246575342466, 148.42191780821918)]
USR0000IEZR, [(1991, 4.0, 102.6109589041096)]
USR0000IMOO, [(1991, 62.275, 329.245)]
USR0000MCHA, [(1991, 31.043835616438358, 152.45753424657534)]
USR0000MGIN, [(1991, -61.794117647058826, 27.691176470588236)]
USR0000MPHI, [(1991, 20.413698630136988, 134.4794520547945)]
USR0000MUSK, [(1991, 47.57808219178082, 175.23287671232876)]
USR0000NBEA, [(1991, 47.675, 180.40555555555557)]
USR0000NBES, [(1991, 41.95879120879121, 168.86263736263737)]
USR0000NBUR, [(1991, 35.41274238227147, 168.4819944598338)]
USR0000NDRY, [(1991, 23.33150684931507, 166.2164383561644)]
USR0000NGAR, [(1991, -24.46027397260274, 239.26849315068492)]
USR0000NSIA, [(1991, 18.898630136986302, 184.8876712328767)]
USR0000OBKL, [(1991, 47.782967032967036, 133.8489010989011)]
USR0000OCAI, [(1991, 23.17816091954023, 207.7471264367816)]
USR0000OEVA, [(1991, 81.20707070707071, 215.1010101010101)]
USR0000OFIS, [(1991, 12.693150684931506, 164.72054794520548)]
USR0000OGOO, [(1991, 65.24517906336088, 142.2396694214876)]
USR0000OJRI, [(1991, 12.143250688705233, 124.30853994490359)]
USR0000OLOG, [(1991, 43.54246575342466, 118.8027397260274)]
USR0000OMOR, [(1991, 43.31780821917808, 135.3123287671233)]
USR0000OMTY, [(1991, 60.14794520547945, 174.2986301369863)]
USR0000OPOO, [(1991, 43.14329268292683, 176.4237804878049)]
USR0000OSTA, [(1991, 52.91267605633803, 199.77464788732394)]
USR0000OWAM, [(1991, 35.295890410958904, 141.03013698630136)]
USR0000SMAG, [(1991, 37.489010989010985, 157.38736263736263)]
USR0000TULE, [(1991, 63.66575342465753, 175.3232876712329)]
USR0000WBEA, [(1991, 22.005509641873278, 132.09641873278238)]
USR0000WDEE, [(1991, -54.5125, 128.775)]
USR0000WDRY, [(1991, -124.52908587257618, 548.4459833795014)]
USS0005J42S, [(1991, -52.95890410958904, 86.86027397260274)]
USS0006G02S, [(1991, -140.36986301369862, 243.66849315068492)]
USS0006H10S, [(1991, -59.29041095890411, 44.37260273972603)]
USS0006H19S, [(1991, -56.09315068493151, 84.53698630136986)]
USS0006J29S, [(1991, -84.2877094972067, 52.44505494505494)]
USS0006K01S, [(1991, -66.7068493150685, 58.846575342465755)]
USS0006L03S, [(1991, -80.58333333333333, 105.49166666666666)]
USS0007E06S, [(1991, -57.635616438356166, 46.345205479452055)]
USS0007E12S, [(1991, -48.64931506849315, 70.72054794520548)]
USS0007E33S, [(1991, -54.81095890410959, 79.1917808219178)]
USS0007H03S, [(1991, -36.61643835616438, 108.24109589041096)]
USS0007K09S, [(1991, -53.61917808219178, 67.83835616438355)]
USS0007M31S, [(1991, -31.564383561643837, 80.94520547945206)]
USS0009E10S, [(1991, -71.18082191780822, 51.72054794520548)]
USS0009F27S, [(1991, -59.66849315068493, 92.51780821917808)]
USS0009J05S, [(1991, -55.16986301369863, 84.83835616438355)]
USS0009M02S, [(1991, -4.651810584958217, 112.67688022284122)]
USS0009S11S, [(1991, -29.5972602739726, 128.32876712328766)]
USS0010D07S, [(1991, -58.8054794520548, 93.02739726027397)]
USS0010D13S, [(1991, -50.912328767123284, 111.73698630136987)]
USS0010E09S, [(1991, -47.51532033426184, 81.76880222841226)]
USS0010E15S, [(1991, -68.92817679558011, 87.5303867403315)]
USS0010F02S, [(1991, -59.93956043956044, 105.91483516483517)]
USS0010F17S, [(1991, -31.59178082191781, 80.03835616438356)]
USS0010F23S, [(1991, -39.72802197802198, 78.35714285714286)]
USS0010G25S, [(1991, -52.225071225071225, 88.48595505617978)]
USS0010J01S, [(1991, -64.13698630136986, 94.1972602739726)]
USS0010J43S, [(1991, -75.92328767123287, 70.11506849315069)]
USS0010S01S, [(1991, -201.9368131868132, -133.44109589041096)]
USS0011C04S, [(1991, -46.75616438356165, 84.41095890410959)]
USS0011E29S, [(1991, -59.1945205479452, 59.38356164383562)]
USS0011E35S, [(1991, -52.24657534246575, 66.94246575342466)]
USS0011G30S, [(1991, -20.0, 96.34072022160665)]
USS0011J21S, [(1991, -5.821428571428571, 108.03571428571429)]
USS0011J42S, [(1991, -4.71976401179941, 82.14749262536873)]
USS0011J57S, [(1991, -24.385041551246537, 71.29916897506925)]
USS0011L04S, [(1991, -55.553424657534244, 111.28767123287672)]
USS0012B16S, [(1991, -24.832876712328765, 152.9945205479452)]
USS0012D11S, [(1991, -45.50684931506849, 75.12328767123287)]
USS0012E07S, [(1991, -44.49315068493151, 59.88219178082192)]
USS0012G17S, [(1991, -22.37465564738292, 107.40220385674931)]
USS0012K01S, [(1991, 4.8791208791208796, 116.07692307692308)]
USS0012M05S, [(1991, -69.64931506849315, 124.6054794520548)]
USS0012P02S, [(1991, 1.3131868131868132, 173.28021978021977)]
USS0013C38S, [(1991, -12.75068493150685, 126.20821917808219)]
USS0013C44S, [(1991, -47.31780821917808, 75.95616438356164)]
USS0013D10S, [(1991, -52.59178082191781, 88.1013698630137)]
USS0013D19S, [(1991, -49.36986301369863, 55.013698630136986)]
USS0013E06S, [(1991, -74.68975069252078, 91.16620498614958)]
USS0013E27S, [(1991, -24.241666666666667, 70.53888888888889)]
USS0013G01S, [(1991, -20.119777158774372, 91.76880222841226)]
USS0013M04S, [(1991, 21.61218836565097, 160.13573407202216)]
USS0014A12S, [(1991, -38.8, 54.18904109589041)]
USS0015C09S, [(1991, -36.76615384615385, 114.39221556886227)]
USS0015E04S, [(1991, -63.96111111111111, 85.00833333333334)]
USS0015F06S, [(1991, -6.7701492537313435, 146.29850746268656)]
USS0015H01S, [(1991, -41.146814404432135, 92.77562326869806)]
USS0016A04S, [(1991, 4.443148688046647, 87.64139941690962)]
USS0016A10S, [(1991, -12.928374655647383, 54.89807162534435)]
USS0016C20S, [(1991, 3.317808219178082, 78.53150684931506)]
USS0016G07S, [(1991, -20.87052341597796, 133.15702479338842)]
USS0017H08S, [(1991, -23.008310249307478, 73.17174515235457)]
USS0018D08S, [(1991, 2.452054794520548, 120.82739726027397)]
USS0018D20S, [(1991, 8.213698630136987, 114.30410958904109)]
USS0018E16S, [(1991, -14.504109589041096, 123.2931506849315)]
USS0019L05S, [(1991, -29.346153846153847, 107.50824175824175)]
USS0020A12S, [(1991, 4.818681318681318, 79.34615384615384)]
USS0020G09S, [(1991, 4.9860335195530725, 134.46927374301677)]
USS0021B13S, [(1991, -9.953424657534246, 75.24657534246575)]
USS0021B55S, [(1991, 13.783333333333333, 79.47222222222223)]
USS0021E04S, [(1991, 3.0493150684931507, 140.68481375358166)]
USS0021F12S, [(1991, -1.7342465753424658, 136.9808219178082)]
USS0022F05S, [(1991, 36.813559322033896, 128.95762711864407)]
USS0022G13S, [(1991, -14.304109589041095, 129.46301369863014)]
USW00003804, [(1991, 78.27945205479452, 191.26027397260273)]
USW00003810, [(1991, 99.05753424657534, 215.1150684931507)]
USW00003927, [(1991, 131.7178082191781, 247.2821917808219)]
USW00003969, [(1991, 113.11232876712329, 235.34794520547945)]
USW00012816, [(1991, 154.35068493150686, 265.95616438356166)]
USW00012843, [(1991, 190.2, 285.5150684931507)]
USW00012918, [(1991, 172.24383561643836, 259.5561643835616)]
USW00012924, [(1991, 177.35616438356163, 274.1945205479452)]
USW00012930, [(1991, 166.91379310344828, 261.8774928774929)]
USW00013713, [(1991, 119.69041095890411, 231.64931506849314)]
USW00013734, [(1991, 72.4931506849315, 197.51780821917808)]
USW00013740, [(1991, 97.43287671232876, 221.05753424657533)]
USW00013782, [(1991, 166.8794520547945, 234.58356164383562)]
USW00013878, [(1991, 162.2164383561644, 239.95068493150686)]
USW00013884, [(1991, 138.65934065934067, 263.5137362637363)]
USW00013899, [(1991, 156.7041095890411, 255.4849315068493)]
USW00013959, [(1991, 135.1095890410959, 257.0109589041096)]
USW00013971, [(1991, 90.76164383561644, 207.74520547945207)]
USW00014733, [(1991, 56.40821917808219, 150.96438356164384)]
USW00014754, [(1991, 22.293939393939393, 140.05625)]
USW00014814, [(1991, 30.471910112359552, 119.80281690140845)]
USW00014820, [(1991, 66.23835616438356, 166.2164383561644)]
USW00014835, [(1991, -18.868852459016395, 65.77049180327869)]
USW00014841, [(1991, 15.408219178082192, 127.28219178082192)]
USW00014898, [(1991, 25.389041095890413, 129.73972602739727)]
USW00014916, [(1991, -3.241095890410959, 114.64657534246575)]
USW00014922, [(1991, 26.676712328767124, 128.3013698630137)]
USW00014943, [(1991, 41.227397260273975, 159.22739726027396)]
USW00014991, [(1991, 18.778082191780822, 125.98082191780821)]
USW00022521, [(1991, 214.2109589041096, 293.7972602739726)]
USW00022536, [(1991, 213.07123287671232, 268.91506849315067)]
USW00023007, [(1991, 97.28493150684932, 235.24109589041095)]
USW00023034, [(1991, 111.52328767123288, 251.23013698630137)]
USW00023040, [(1991, 96.8054794520548, 257.7150684931507)]
USW00023061, [(1991, -54.172602739726024, 141.64383561643837)]
USW00023157, [(1991, 31.665753424657535, 232.41095890410958)]
USW00023184, [(1991, 43.986301369863014, 207.86575342465753)]
USW00023190, [(1991, 90.10958904109589, 208.58356164383562)]
USW00023244, [(1991, 108.88767123287671, 206.35890410958905)]
USW00023271, [(1991, 105.76438356164384, 244.2082191780822)]
USW00024012, [(1991, 2.682191780821918, 136.4986301369863)]
USW00024027, [(1991, -5.438356164383562, 123.22191780821917)]
USW00024033, [(1991, 30.364383561643837, 155.18082191780823)]
USW00024120, [(1991, -20.016438356164382, 156.45753424657534)]
USW00024135, [(1991, -31.863013698630137, 123.76712328767124)]
USW00024141, [(1991, 52.26849315068493, 172.26301369863015)]
USW00024156, [(1991, 8.145205479452056, 156.4191780821918)]
USW00024216, [(1991, 101.07692307692308, 254.48595505617976)]
USW00024237, [(1991, 13.608308605341247, 87.61721068249258)]
USW00024243, [(1991, 23.90684931506849, 177.7068493150685)]
USW00024285, [(1991, 70.75068493150685, 144.81917808219177)]
USW00025506, [(1991, -12.819484240687679, 49.70285714285714)]
USW00026451, [(1991, -10.101369863013698, 64.27397260273973)]
USW00053919, [(1991, 115.73756906077348, 233.08011049723757)]
USW00092811, [(1991, 227.24383561643836, 277.65205479452055)]
USW00093033, [(1991, 94.9945205479452, 249.72054794520548)]
USW00093114, [(1991, 119.91988950276243, 246.5650969529086)]
USW00093129, [(1991, 21.764383561643836, 174.6904109589041)]
USW00093738, [(1991, 72.63013698630137, 202.7178082191781)]
USW00093819, [(1991, 73.18082191780822, 180.68493150684932)]
USW00093825, [(1991, 83.81428571428572, 201.6457142857143)]
USW00093831, [(1991, 153.5945205479452, 254.51780821917808)]
USW00093846, [(1991, 114.14246575342466, 229.38082191780822)]
USW00094290, [(1991, 74.26849315068493, 154.73972602739727)]
USW00094830, [(1991, 57.635616438356166, 167.43835616438355)]
USW00094911, [(1991, 33.07945205479452, 164.5945205479452)]
UY000002206, [(1991, 109.2540192926045, 245.06849315068493)]
UZM00038457, [(1991, 85.62465753424658, 213.42465753424656)]
UZM00038565, [(1991, 78.65827338129496, 213.26060606060605)]
UZM00038829, [(1991, 92.12244897959184, 201.6172839506173)]
VEM00080403, [(1991, 243.10731707317072, 335.74871794871797)]
VEM00080472, [(1991, 196.30769230769232, 307.25)]
VMM00048917, [(1991, 244.25443786982248, 308.195)]
WQW00041606, [(1991, 245.49175824175825, 297.95616438356166)]
WZ004455110, [(1991, 143.875, 221.0)]
ZA000067475, [(1991, 140.1046511627907, 268.3333333333333)]
ZI000067983, [(1991, 133.86111111111111, 250.51340996168582)]
