AFM00040948, [(1991, -15.166666666666666, 122.22222222222223)]
AG000060590, [(1991, 137.51780821917808, 283.46849315068494)]
AGM00060351, [(1991, 122.30035335689045, 220.78877887788778)]
AGM00060468, [(1991, 61.78378378378378, 198.6010101010101)]
AGM00060549, [(1991, 96.8711111111111, 208.80088495575222)]
AGM00060555, [(1991, 144.08695652173913, 284.10370370370373)]
AM000037791, [(1991, 7.2368421052631575, 86.12698412698413)]
AR000087007, [(1991, 13.36986301369863, 190.32876712328766)]
AR000087217, [(1991, 140.44383561643835, 278.24657534246575)]
ARM00087467, [(1991, 114.84586466165413, 248.63013698630138)]
ARM00087506, [(1991, 43.786407766990294, 221.0)]
ARM00087548, [(1991, 106.90181818181819, 232.43870967741935)]
ARM00087596, [(1991, 136.25, 294.0)]
ARM00087791, [(1991, 75.54854368932038, 227.3551401869159)]
ASN00004097, [(1991, 209.69182389937106, 298.65625)]
ASN00005069, [(1991, 200.97712418300654, 357.22185430463577)]
ASN00006011, [(1991, 174.3123287671233, 270.6465753424658)]
ASN00008039, [(1991, 124.38356164383562, 264.758904109589)]
ASN00008051, [(1991, 140.61369863013698, 255.42465753424656)]
ASN00008093, [(1991, 128.40531561461793, 277.64900662251654)]
ASN00009038, [(1991, 152.38011695906434, 216.60445682451254)]
ASN00009131, [(1991, 133.3013698630137, 244.41758241758242)]
ASN00009194, [(1991, 121.86225895316804, 241.87123287671233)]
ASN00009518, [(1991, 144.9608938547486, 200.34615384615384)]
ASN00009842, [(1991, 85.85164835164835, 223.8489010989011)]
ASN00010007, [(1991, 115.50602409638554, 259.0149253731343)]
ASN00010622, [(1991, 101.6043956043956, 219.42618384401115)]
ASN00012074, [(1991, 119.64425770308124, 257.8361111111111)]
ASN00012242, [(1991, 130.66666666666666, 272.94632768361583)]
ASN00014153, [(1991, 236.5158501440922, 310.69827586206895)]
ASN00014213, [(1991, 222.9890410958904, 320.7405247813411)]
ASN00014402, [(1991, 228.14689265536722, 318.4920634920635)]
ASN00014504, [(1991, 229.3217665615142, 316.4778481012658)]
ASN00014612, [(1991, 194.49025069637884, 342.60632183908046)]
ASN00014633, [(1991, 203.45288753799392, 348.469696969697)]
ASN00014903, [(1991, 203.53698630136986, 340.0412087912088)]
ASN00014924, [(1991, 229.2865168539326, 320.6060606060606)]
ASN00015131, [(1991, 193.87087912087912, 342.70111731843576)]
ASN00016001, [(1991, 132.24653739612188, 268.17808219178085)]
ASN00016085, [(1991, 139.37087912087912, 296.20054945054943)]
ASN00017099, [(1991, 114.61643835616438, 263.84383561643835)]
ASN00018014, [(1991, 118.32676056338028, 225.8135593220339)]
ASN00018191, [(1991, 107.95752895752896, 199.9260700389105)]
ASN00023057, [(1991, 123.90536277602524, 219.9777777777778)]
ASN00023090, [(1991, 124.2, 223.66575342465754)]
ASN00023747, [(1991, 104.36263736263736, 219.32142857142858)]
ASN00023849, [(1991, 110.61643835616438, 196.07671232876712)]
ASN00024041, [(1991, 164.14285714285714, 333.35)]
ASN00024521, [(1991, 100.3157894736842, 226.5972602739726)]
ASN00025034, [(1991, 81.67372881355932, 244.67364016736403)]
ASN00028004, [(1991, 190.8986301369863, 328.64383561643837)]
ASN00029039, [(1991, 217.136563876652, 307.6926605504587)]
ASN00029126, [(1991, 197.32602739726028, 321.9010989010989)]
ASN00031034, [(1991, 140.92792792792793, 254.25925925925927)]
ASN00031190, [(1991, 181.51685393258427, 321.1123595505618)]
ASN00032141, [(1991, 217.60061919504645, 275.06711409395973)]
ASN00033047, [(1991, 167.8780487804878, 276.255905511811)]
ASN00033257, [(1991, 190.1900826446281, 285.0659340659341)]
ASN00037043, [(1991, 162.99706744868035, 332.0615835777126)]
ASN00039083, [(1991, 171.6, 289.6246575342466)]
ASN00040004, [(1991, 122.14246575342466, 279.86575342465756)]
ASN00040112, [(1991, 116.05555555555556, 260.8931506849315)]
ASN00040241, [(1991, 128.96438356164384, 267.3424657534247)]
ASN00040451, [(1991, 128.08835341365463, 272.0282258064516)]
ASN00040697, [(1991, 171.07202216066483, 258.8618784530387)]
ASN00042023, [(1991, 124.16758241758242, 283.14835164835165)]
ASN00044021, [(1991, 139.27671232876713, 293.786301369863)]
ASN00047048, [(1991, 110.65028901734104, 250.54492753623188)]
ASN00049019, [(1991, 103.03647416413374, 260.06363636363636)]
ASN00053048, [(1991, 131.06027397260274, 262.5041095890411)]
ASN00056018, [(1991, 104.25142857142858, 236.28402366863907)]
ASN00058037, [(1991, 125.4986301369863, 261.72328767123287)]
ASN00058130, [(1991, 130.2023460410557, 267.47945205479454)]
ASN00060026, [(1991, 133.7917808219178, 232.77260273972604)]
ASN00063023, [(1991, 107.86187845303867, 227.4793388429752)]
ASN00063254, [(1991, 71.52328767123288, 182.43561643835616)]
ASN00066062, [(1991, 146.6164383561644, 227.5945205479452)]
ASN00066137, [(1991, 125.90934065934066, 237.07671232876712)]
ASN00069134, [(1991, 127.33333333333333, 232.9387755102041)]
ASN00070091, [(1991, 76.80654761904762, 212.0597014925373)]
ASN00070328, [(1991, 47.556291390728475, 169.97163120567376)]
ASN00073007, [(1991, 100.59663865546219, 210.46027397260275)]
ASN00074114, [(1991, 99.8854748603352, 222.66285714285715)]
ASN00075032, [(1991, 112.17260273972603, 252.0958904109589)]
ASN00076031, [(1991, 101.03561643835616, 240.7780821917808)]
ASN00083024, [(1991, 24.247863247863247, 87.97805642633229)]
ASN00085280, [(1991, 83.18630136986302, 196.4904109589041)]
ASN00086354, [(1991, 98.91145833333333, 183.10416666666666)]
ASN00086375, [(1991, 102.53164556962025, 193.19148936170214)]
ASN00088109, [(1991, 87.10112359550561, 215.72471910112358)]
ASN00090173, [(1991, 73.55616438356165, 188.16712328767125)]
ASN00091079, [(1991, 71.72602739726027, 150.07123287671232)]
ASN00091091, [(1991, 61.282967032967036, 165.9150684931507)]
ASN00091232, [(1991, 78.2958904109589, 168.46301369863014)]
ASN00093014, [(1991, 52.506410256410255, 159.9968253968254)]
ASN00094157, [(1991, 79.73972602739725, 146.57260273972602)]
ASN00095027, [(1991, 43.469613259668506, 159.27900552486187)]
ASN00095060, [(1991, 57.125, 161.88172043010752)]
ASN00097067, [(1991, 75.88615384615385, 159.08923076923077)]
ASN00097073, [(1991, 66.58630136986301, 158.2931506849315)]
AU000015410, [(1991, -75.30684931506849, -31.008219178082193)]
AUM00011231, [(1991, 22.893023255813954, 130.840830449827)]
AYM00089053, [(1991, -59.64363636363636, -2.610576923076923)]
AYM00089512, [(1991, -112.5609756097561, -63.809701492537314)]
BC008382520, [(1991, 123.3444976076555, 299.7478632478632)]
BGM00041891, [(1991, 203.92156862745097, 294.6586345381526)]
BL000085365, [(1991, 150.28308823529412, 269.87108013937285)]
BLM00085140, [(1991, 185.38585209003216, 308.8527397260274)]
BLM00085242, [(1991, 19.585635359116022, 182.8689138576779)]
BMM00048008, [(1991, 175.97727272727272, 273.546875)]
BMM00048062, [(1991, 219.47682119205297, 302.6143790849673)]
BN000065335, [(1991, 222.95634920634922, 327.704641350211)]
BOM00026832, [(1991, 38.298892988929886, 122.67610062893081)]
BOM00026961, [(1991, 23.771653543307085, 122.5060975609756)]
BOM00033027, [(1991, 36.93238434163701, 125.625)]
BR000083361, [(1991, 228.25, 338.0)]
BR002351003, [(1991, 168.89756097560976, 296.45454545454544)]
BR037953910, [(1991, 234.0, 312.0)]
BR048158910, [(1991, None, 344.0)]
BRM00082900, [(1991, 219.5, 287.0)]
BRM00082915, [(1991, None, 326.0)]
BRM00083332, [(1991, 193.5, 307.0)]
BRM00083746, [(1991, 147.5, None)]
BRM00083827, [(1991, 172.6869918699187, 301.9172413793103)]
CA001013051, [(1991, 62.845659163987136, 148.0793650793651)]
CA001017098, [(1991, 68.73972602739725, 128.72602739726028)]
CA001017101, [(1991, 81.72602739726027, 131.21917808219177)]
CA001017230, [(1991, 58.04109589041096, 143.36986301369862)]
CA001018616, [(1991, 48.00824175824176, 142.24657534246575)]
CA001025237, [(1991, -50.18796992481203, 2.6271186440677967)]
CA001028L3M, [(1991, 45.273972602739725, 127.5068870523416)]
CA001038332, [(1991, 58.02739726027397, 130.35616438356163)]
CA001043150, [(1991, 71.3972602739726, 126.26420454545455)]
CA001045100, [(1991, 85.03013698630137, 132.45479452054795)]
CA00105PA91, [(1991, 47.815934065934066, 114.28767123287672)]
CA001062593, [(1991, 66.40449438202248, 136.81179775280899)]
CA001064138, [(1991, 29.534246575342465, 107.04109589041096)]
CA001064288, [(1991, 36.45205479452055, 114.24657534246575)]
CA001066481, [(1991, 40.14794520547945, 104.63835616438357)]
CA001073615, [(1991, -11.505524861878452, 105.34626038781164)]
CA001080284, [(1991, -23.82191780821918, 113.17808219178082)]
CA001080431, [(1991, -41.494565217391305, 116.63934426229508)]
CA001092578, [(1991, -7.3561643835616435, 105.04109589041096)]
CA0010952B9, [(1991, -12.465564738292011, 88.05785123966942)]
CA001096439, [(1991, -12.705329153605016, 113.07731958762886)]
CA00109QR57, [(1991, 2.2739726027397262, 132.86301369863014)]
CA001100030, [(1991, 56.76712328767123, 147.8082191780822)]
CA001100879, [(1991, -70.9, -11.791666666666666)]
CA001101530, [(1991, 59.75342465753425, 150.97260273972603)]
CA001102253, [(1991, 18.833333333333332, 92.74021352313167)]
CA001105190, [(1991, 60.50684931506849, 153.0)]
CA001105658, [(1991, 24.89010989010989, 84.80609418282549)]
CA001107080, [(1991, 58.76373626373626, 144.67123287671234)]
CA001107785, [(1991, 73.3659217877095, 150.15235457063713)]
CA001108487, [(1991, 72.26027397260275, 134.3013698630137)]
CA00110N666, [(1991, 52.382920110192835, 132.865329512894)]
CA001113581, [(1991, 20.0, 109.10958904109589)]
CA001121459, [(1991, 72.18232044198895, 191.07981220657277)]
CA001123970, [(1991, 21.58082191780822, 144.87123287671233)]
CA001125590, [(1991, 24.693877551020407, 132.08333333333334)]
CA001128581, [(1991, 68.94761904761904, 163.75355450236967)]
CA001128758, [(1991, 41.61290322580645, 139.80882352941177)]
CA001133270, [(1991, 17.28767123287671, 141.64383561643837)]
CA001151915, [(1991, -11.915204678362572, 81.29032258064517)]
CA001153034, [(1991, -14.015151515151516, 130.2914110429448)]
CA001161215, [(1991, 16.21917808219178, 137.46575342465752)]
CA001162580, [(1991, 19.205479452054796, 117.72602739726027)]
CA001167008, [(1991, -0.5616438356164384, 90.20547945205479)]
CA001168520, [(1991, 8.760330578512397, 121.66208791208791)]
CA001168739, [(1991, -23.91780821917808, 97.82967032967034)]
CA001168880, [(1991, -1.082191780821918, 134.51923076923077)]
CA001173191, [(1991, -22.643835616438356, 65.12328767123287)]
CA001173BDB, [(1991, -7.932960893854749, 104.70588235294117)]
CA00117R00F, [(1991, -24.34246575342466, 88.71232876712328)]
CA001181120, [(1991, -17.955223880597014, 79.55223880597015)]
CA0011814FR, [(1991, -38.68881118881119, 92.10169491525424)]
CA001192340, [(1991, -55.295890410958904, 58.21643835616438)]
CA0011951B9, [(1991, -93.40136054421768, -18.24468085106383)]
CA001195250, [(1991, -46.332417582417584, 71.20498614958449)]
CA001200560, [(1991, -33.87671232876713, 59.97260273972603)]
CA002100167, [(1991, -98.78151260504201, 42.13498622589532)]
CA002100800, [(1991, -140.2335164835165, -33.2967032967033)]
CA002100950, [(1991, -146.00928792569658, -60.77491961414791)]
CA002101400, [(1991, -49.42307692307692, 58.534246575342465)]
CA002202800, [(1991, -105.04931506849314, -5.76986301369863)]
CA002204000, [(1991, -98.37278106508876, 18.104347826086958)]
CA002300750, [(1991, -145.31549295774647, -71.92307692307692)]
CA002402540, [(1991, -162.69337016574585, -98.83977900552486)]
CA002402684, [(1991, -225.39664804469274, -130.1572327044025)]
CA003010534, [(1991, 41.34228187919463, 128.02721088435374)]
CA003011953, [(1991, -19.958791208791208, 99.64383561643835)]
CA003012208, [(1991, -3.213698630136986, 98.95890410958904)]
CA003015400, [(1991, 76.7741935483871, 215.56451612903226)]
CA003015808, [(1991, -28.205980066445182, 97.19016393442622)]
CA003016840, [(1991, -26.69855072463768, 100.14285714285714)]
CA003017665, [(1991, -30.20576131687243, 99.11522633744856)]
CA003020401, [(1991, -14.806629834254144, 113.43922651933701)]
CA003022078, [(1991, -14.61756373937677, 102.03601108033241)]
CA003022159, [(1991, -32.642857142857146, 94.56896551724138)]
CA003024961, [(1991, -12.355491329479769, 105.4)]
CA003025480, [(1991, -33.36164383561644, 96.55342465753425)]
CA003034552, [(1991, -40.60117302052786, 111.60404624277457)]
CA00303FFLR, [(1991, 6.900826446280992, 142.0331950207469)]
CA003044203, [(1991, -184.1818181818182, -139.33333333333334)]
CA003044230, [(1991, -1.5140845070422535, 142.72727272727272)]
CA003050725, [(1991, 53.62068965517241, 154.64566929133858)]
CA003051310, [(1991, 66.15384615384616, 180.17241379310346)]
CA003052270, [(1991, -56.36363636363637, 111.27222222222223)]
CA003053575, [(1991, 42.64, 127.01612903225806)]
CA003053926, [(1991, 9.245283018867925, 85.53571428571429)]
CA003054655, [(1991, 25.16393442622951, 115.0)]
CA003060235, [(1991, 15.131578947368421, 158.63013698630138)]
CA003060472, [(1991, -36.022408963585434, 89.78753541076487)]
CA003060700, [(1991, 83.80165289256199, 179.25619834710744)]
CA003061930, [(1991, 86.08391608391608, 199.50704225352112)]
CA0030619E0, [(1991, -38.763888888888886, 92.16850828729282)]
CA003063517, [(1991, -41.86440677966102, 79.93265993265993)]
CA003063523, [(1991, -4.3604651162790695, 101.35057471264368)]
CA003063646, [(1991, 43.96634615384615, 181.0952380952381)]
CA003065305, [(1991, 83.38582677165354, 192.27272727272728)]
CA003065515, [(1991, 78.21428571428571, 197.5)]
CA003065710, [(1991, 78.3108108108108, 198.02721088435374)]
CA003067372, [(1991, -24.115068493150684, 92.21095890410959)]
CA0030705LQ, [(1991, 85.22123893805309, 186.78571428571428)]
CA003071860, [(1991, 60.26315789473684, 145.0)]
CA003072100, [(1991, 78.65671641791045, 197.38805970149255)]
CA003072475, [(1991, -72.25806451612904, 75.73184357541899)]
CA003072520, [(1991, -20.1887323943662, 85.57851239669421)]
CA003072637, [(1991, 76.41304347826087, 170.77777777777777)]
CA003072658, [(1991, -70.3917808219178, 42.68595041322314)]
CA003073642, [(1991, 86.03960396039604, 180.7843137254902)]
CA003073792, [(1991, 80.8108108108108, 191.17117117117118)]
CA003074182, [(1991, -62.831541218637994, 72.8527397260274)]
CA003074494, [(1991, 52.5, 188.2394366197183)]
CA003075L48, [(1991, 75.70093457943925, 200.63063063063063)]
CA003076675, [(1991, -63.958333333333336, 45.42194092827004)]
CA00307JF5R, [(1991, -50.736111111111114, 79.34261838440112)]
CA00307K73D, [(1991, -20.699481865284973, 123.62068965517241)]
CA004011160, [(1991, -26.600609756097562, 88.70426829268293)]
CA004012300, [(1991, -13.82882882882883, 91.95290858725762)]
CA004013038, [(1991, -34.53488372093023, 86.59942363112393)]
CA004013401, [(1991, -37.704918032786885, 77.18543046357615)]
CA004014145, [(1991, -37.083333333333336, 76.53846153846153)]
CA004015360, [(1991, -20.6056338028169, 87.85911602209944)]
CA004016185, [(1991, -59.05579399141631, 57.5974025974026)]
CA004016521, [(1991, -22.35376044568245, 93.63888888888889)]
CA004018678, [(1991, -20.04237288135593, 87.14488636363636)]
CA004019080, [(1991, -38.35342465753425, 77.32876712328768)]
CA004019200, [(1991, -22.742857142857144, 88.98591549295774)]
CA004020130, [(1991, -27.808641975308642, 103.32826747720365)]
CA004020280, [(1991, -14.573002754820937, 112.20994475138122)]
CA004022368, [(1991, -11.666666666666666, 113.13019390581718)]
CA004022440, [(1991, -21.61473087818697, 106.8169014084507)]
CA004024135, [(1991, -9.842857142857143, 117.5925925925926)]
CA004031581, [(1991, -17.274011299435028, 113.09116809116809)]
CA004040587, [(1991, -15.348837209302326, 104.82093663911846)]
CA004044562, [(1991, -27.042857142857144, 85.09615384615384)]
CA004045600, [(1991, -37.35890410958904, 84.93150684931507)]
CA004045975, [(1991, -44.14156626506024, 87.75)]
CA004051636, [(1991, -22.681159420289855, 84.48611111111111)]
CA004067PR5, [(1991, -99.94246575342466, 20.997260273972604)]
CA004074640, [(1991, -52.333333333333336, 76.76308539944904)]
CA004080262, [(1991, -50.216763005780344, 73.07909604519774)]
CA005010216, [(1991, -33.17927170868347, 78.80886426592798)]
CA005010480, [(1991, -40.057534246575344, 82.4)]
CA005012322, [(1991, -22.205882352941178, 90.2892561983471)]
CA005012472, [(1991, -45.87818696883853, 71.85074626865672)]
CA005020551, [(1991, -17.620396600566572, 95.42936288088643)]
CA005022171, [(1991, -23.884180790960453, 92.81593406593407)]
CA005022630, [(1991, -8.87608069164265, 86.39502762430939)]
CA005022780, [(1991, -26.573816155988858, 90.9641873278237)]
CA005032560, [(1991, -23.211143695014663, 97.22222222222223)]
CA005041530, [(1991, -23.83190883190883, 77.70773638968481)]
CA005041587, [(1991, -42.29970326409496, 75.56179775280899)]
CA005042058, [(1991, -50.11194029850746, 71.29496402877697)]
CA005050920, [(1991, -31.651785714285715, 60.05555555555556)]
CA005052060, [(1991, -64.84641638225256, 46.552287581699346)]
CA005053080, [(1991, -86.33663366336634, 2.4782608695652173)]
CA005061423, [(1991, -69.56112852664577, 36.140625)]
CA005061567, [(1991, -90.80246913580247, 20.394736842105264)]
CA005061648, [(1991, -80.04529616724739, 50.42285714285714)]
CA006020559, [(1991, -25.483425414364643, 92.58241758241758)]
CA006022476, [(1991, -19.478021978021978, 93.83241758241758)]
CA006044961, [(1991, -37.597765363128495, 70.05602240896359)]
CA006046770, [(1991, -30.44321329639889, 78.89664804469274)]
CA006048261, [(1991, -34.32876712328767, 90.87671232876713)]
CA006048864, [(1991, 7.780373831775701, 133.55140186915887)]
CA006065250, [(1991, -10.496688741721854, 101.34020618556701)]
CA006075024, [(1991, -58.84722222222222, 78.57534246575342)]
CA006076572, [(1991, -41.838905775075986, 85.34848484848484)]
CA006100398, [(1991, 14.698630136986301, 122.43131868131869)]
CA006100971, [(1991, 41.03746397694525, 129.5977011494253)]
CA006101502, [(1991, 19.424657534246574, 123.26027397260275)]
CA006101820, [(1991, -5.250696378830083, 115.93055555555556)]
CA006101901, [(1991, 31.107954545454547, 131.41274238227146)]
CA006101958, [(1991, 7.708333333333333, 118.96408839779005)]
CA006102150, [(1991, -46.0, 73.1)]
CA006102J13, [(1991, 7.777777777777778, 127.02777777777777)]
CA006117957, [(1991, 0.37037037037037035, 104.39481268011528)]
CA006119055, [(1991, 29.81788079470199, 131.628664495114)]
CA006123672, [(1991, 46.5, 139.81994459833794)]
CA006131982, [(1991, 41.07142857142857, 143.5164835164835)]
CA006135FF4, [(1991, 58.956043956043956, 140.23545706371192)]
CA006136626, [(1991, 65.6198347107438, 146.26373626373626)]
CA006137979, [(1991, 41.03305785123967, 142.93388429752065)]
CA006139143, [(1991, 59.57534246575342, 147.1565934065934)]
CA006139602, [(1991, 59.8986301369863, 151.7972602739726)]
CA00613FN58, [(1991, 70.11049723756906, 144.18732782369145)]
CA00614NFK0, [(1991, 30.939226519337016, 122.67123287671232)]
CA006151137, [(1991, 34.53623188405797, 141.31884057971016)]
CA006154995, [(1991, 26.458333333333332, 160.9452736318408)]
CA006155148, [(1991, 44.95867768595041, 132.17451523545705)]
CA006155790, [(1991, 25.58823529411765, 123.08011049723757)]
CA006158733, [(1991, 38.71232876712329, 140.1041095890411)]
CA006159651, [(1991, 69.79338842975207, 71.66666666666667)]
CA00615NNPL, [(1991, 22.13888888888889, 137.26388888888889)]
CA006166428, [(1991, 15.212464589235127, 131.31428571428572)]
CA006166455, [(1991, 24.600550964187327, 134.13888888888889)]
CA007011309, [(1991, -182.90322580645162, -78.87096774193549)]
CA007012071, [(1991, 1.1767955801104972, 98.97506925207756)]
CA007015665, [(1991, -35.92857142857143, 96.4)]
CA007017555, [(1991, -18.651685393258425, 101.95467422096317)]
CA007017657, [(1991, -167.8, -59.285714285714285)]
CA007017786, [(1991, -31.278089887640448, 94.42577030812325)]
CA00701LEEH, [(1991, -17.164383561643834, 104.24109589041096)]
CA007020570, [(1991, -176.42857142857142, -78.2258064516129)]
CA007020828, [(1991, -8.13888888888889, 109.50276243093923)]
CA007020840, [(1991, -1.6472222222222221, 118.93939393939394)]
CA007023075, [(1991, 17.408963585434172, 134.792243767313)]
CA007023270, [(1991, 13.775910364145659, 123.18055555555556)]
CA007026465, [(1991, 15.207407407407407, 125.72202166064982)]
CA007026612, [(1991, 27.063953488372093, 122.89173789173789)]
CA007027110, [(1991, 28.00275482093664, 120.40055248618785)]
CA007027248, [(1991, -3.4752747252747254, 99.91758241758242)]
CA007027320, [(1991, 15.471232876712328, 123.32054794520548)]
CA007027593, [(1991, -15.84022038567493, 90.0)]
CA007028124, [(1991, -11.449315068493151, 110.65205479452055)]
CA007028280, [(1991, -57.13422818791946, 57.294520547945204)]
CA007035666, [(1991, 14.46843853820598, 131.72757475083057)]
CA007037310, [(1991, -4.903846153846154, 102.29281767955801)]
CA007038975, [(1991, -11.221590909090908, 112.38826815642459)]
CA007044453, [(1991, -132.63513513513513, 5.694444444444445)]
CA007046004, [(1991, 8.178082191780822, 100.87671232876713)]
CA007046010, [(1991, -19.626038781163434, 81.73611111111111)]
CA007046931, [(1991, -36.78670360110803, 85.05084745762711)]
CA007047735, [(1991, -11.215469613259668, 81.93593314763231)]
CA007048320, [(1991, -10.280898876404494, 80.86516853932584)]
CA007051200, [(1991, -43.87362637362637, 83.0524861878453)]
CA007052865, [(1991, -213.70967741935485, -109.03225806451613)]
CA007057287, [(1991, -14.639769452449567, 74.27966101694915)]
CA007057395, [(1991, -30.506849315068493, 62.59452054794521)]
CA007057515, [(1991, -32.6986301369863, 91.39118457300276)]
CA007057590, [(1991, -217.16666666666666, -118.70967741935483)]
CA007057650, [(1991, -211.33333333333334, -87.74193548387096)]
CA007057692, [(1991, -257.4193548387097, -113.2258064516129)]
CA007058520, [(1991, -29.589041095890412, 74.6565934065934)]
CA007065960, [(1991, -36.7008797653959, 82.49283667621776)]
CA007074240, [(1991, -27.931506849315067, 97.6510989010989)]
CA007075800, [(1991, -52.660377358490564, 84.99371069182389)]
CA007077570, [(1991, -33.67897727272727, 98.3810888252149)]
CA00708B309, [(1991, -209.93975903614458, -61.9277108433735)]
CA007093716, [(1991, -86.18, 52.349514563106794)]
CA007098360, [(1991, -52.47800586510264, 76.21345029239767)]
CA008100518, [(1991, -2.6986301369863015, 94.68493150684931)]
CA008100566, [(1991, -10.575342465753424, 83.46575342465754)]
CA008100593, [(1991, 27.49019607843137, 123.45098039215686)]
CA008101151, [(1991, 22.027397260273972, 99.72602739726027)]
CA008102210, [(1991, -7.901023890784983, 99.80263157894737)]
CA008102369, [(1991, 7.986301369863014, 111.96132596685082)]
CA008103500, [(1991, -13.536986301369863, 98.26027397260275)]
CA008104928, [(1991, -28.07123287671233, 89.12876712328767)]
CA008105600, [(1991, -17.00557103064067, 109.27374301675978)]
CA008201336, [(1991, 38.205479452054796, 114.53424657534246)]
CA008202800, [(1991, 28.82191780821918, 125.08219178082192)]
CA008203400, [(1991, 9.10958904109589, 116.54794520547945)]
CA008204456, [(1991, 22.45205479452055, 103.68493150684931)]
CA008205062, [(1991, 24.392265193370164, 102.94198895027624)]
CA008205623, [(1991, 41.61710037174721, 136.2984496124031)]
CA008205650, [(1991, 27.095890410958905, 119.91780821917808)]
CA008206250, [(1991, 28.273972602739725, 119.72602739726027)]
CA008300060, [(1991, 15.193370165745856, 93.85915492957747)]
CA008300108, [(1991, 31.811377245508982, 106.44144144144144)]
CA008300447, [(1991, 17.71232876712329, 99.84931506849315)]
CA008400413, [(1991, -14.835616438356164, 92.02739726027397)]
CA008400578, [(1991, -5.52054794520548, 89.87671232876713)]
CA008400650, [(1991, -10.986301369863014, 77.02739726027397)]
CA008400812, [(1991, -48.80821917808219, 56.93150684931507)]
CA008401259, [(1991, -22.071428571428573, 65.75)]
CA008401286, [(1991, -32.136986301369866, 66.10958904109589)]
CA008401583, [(1991, -46.398891966759, 35.77134986225895)]
CA008401703, [(1991, -20.857664233576642, 92.4563492063492)]
CA008401880, [(1991, -18.65753424657534, 79.31506849315069)]
CA008401EK4, [(1991, 4.876712328767123, 85.21917808219177)]
CA008402069, [(1991, -16.30057803468208, 71.50297619047619)]
CA008402975, [(1991, 7.682492581602374, 79.34513274336283)]
CA008403506, [(1991, -3.467032967032967, 81.18131868131869)]
CA008403818, [(1991, 16.06907894736842, 100.3)]
CA00840C616, [(1991, 15.520547945205479, 83.06849315068493)]
CA008501900, [(1991, -67.72876712328767, 36.33698630136986)]
CA008504216, [(1991, -30.75221238938053, 38.67965367965368)]
CEM00043418, [(1991, 247.02857142857144, 309.24444444444447)]
CEM00043424, [(1991, 245.11494252873564, 321.8780487804878)]
CEM00043466, [(1991, 240.66666666666666, None)]
CF000004456, [(1991, 207.51388888888889, 294.5833333333333)]
CF000064459, [(1991, 213.38805970149255, 302.22727272727275)]
CHM00050564, [(1991, -68.87671232876713, 69.57534246575342)]
CHM00050915, [(1991, -52.37534246575343, 79.85205479452055)]
CHM00050963, [(1991, -25.194520547945206, 89.55890410958904)]
CHM00050978, [(1991, -3.03013698630137, 101.18630136986302)]
CHM00051644, [(1991, 54.09315068493151, 177.54520547945205)]
CHM00052787, [(1991, -42.88493150684931, 64.5013698630137)]
CHM00052889, [(1991, 52.42191780821918, 171.55342465753424)]
CHM00053723, [(1991, 27.887671232876713, 162.4794520547945)]
CHM00054026, [(1991, 11.791780821917808, 125.8958904109589)]
CHM00054161, [(1991, 12.093150684931507, 107.86575342465754)]
CHM00054236, [(1991, 25.613698630136987, 135.15616438356165)]
CHM00054527, [(1991, 87.26027397260275, 178.93698630136987)]
CHM00054662, [(1991, 81.41095890410959, 149.3945205479452)]
CHM00055472, [(1991, -59.55, 82.44166666666666)]
CHM00056444, [(1991, 20.767123287671232, 108.03835616438356)]
CHM00056492, [(1991, 153.14246575342466, 212.83013698630137)]
CHM00056951, [(1991, 132.81917808219177, 242.51232876712328)]
CHM00057707, [(1991, 100.30410958904109, 175.18082191780823)]
CHM00057713, [(1991, 126.8986301369863, 193.5972602739726)]
CHM00057902, [(1991, 127.16438356164383, 201.47123287671232)]
CHM00058457, [(1991, 131.0082191780822, 207.54246575342466)]
CHM00059501, [(1991, 200.0986301369863, 260.21643835616436)]
CHM00059855, [(1991, 220.6986301369863, 292.4054794520548)]
CI000085585, [(1991, 127.28033472803347, 179.97752808988764)]
CIM00085766, [(1991, 59.08856088560886, 168.4715909090909)]
CO000080222, [(1991, 78.7041095890411, 188.44931506849315)]
CT000004605, [(1991, 205.625, 334.6666666666667)]
CVM00008594, [(1991, 208.7921348314607, 266.2242647058824)]
EI000003953, [(1991, 80.53698630136986, 136.27397260273972)]
EI000003980, [(1991, 74.26575342465753, 118.61369863013698)]
EN000026115, [(1991, 52.47598253275109, 101.84528301886793)]
ET000063403, [(1991, 148.0, 256.0)]
EZ000011464, [(1991, 22.627397260273973, 94.2027397260274)]
EZM00011603, [(1991, 37.88671875, 123.80733944954129)]
FI000000304, [(1991, 33.391780821917806, 92.44383561643835)]
FI000007501, [(1991, -50.44931506849315, 40.273972602739725)]
FIE00141870, [(1991, 43.83561643835616, 90.33972602739726)]
FIE00142341, [(1991, 33.16712328767123, 82.2958904109589)]
FIE00142356, [(1991, 15.665753424657535, 91.04657534246576)]
FIE00142416, [(1991, 37.62739726027397, 87.31780821917808)]
FIE00143211, [(1991, 12.898630136986302, 86.03013698630137)]
FIE00143586, [(1991, 4.010958904109589, 79.13424657534246)]
FIE00144537, [(1991, -5.383561643835616, 70.57534246575342)]
FIE00144687, [(1991, -2.326027397260274, 76.72602739726027)]
FIE00144882, [(1991, -20.854794520547944, 64.1917808219178)]
FIE00146157, [(1991, -53.32876712328767, 40.18356164383562)]
FIE00146508, [(1991, -60.68219178082192, 30.35890410958904)]
FIE00146598, [(1991, -32.40547945205479, 27.057534246575344)]
FIE00146703, [(1991, -41.895890410958906, 42.81095890410959)]
FJM00091683, [(1991, 221.0, 299.0)]
FMC00914323, [(1991, 227.66295264623955, 306.16713091922)]
FMC00914419, [(1991, 243.01497005988023, 314.91616766467064)]
FMC00914446, [(1991, 244.2132701421801, 302.97156398104266)]
FMC00914911, [(1991, 247.8361111111111, 305.09695290858724)]
FMW00040308, [(1991, 227.73150684931508, 305.1178082191781)]
FP000091929, [(1991, 236.66666666666666, 302.1975806451613)]
FR000007150, [(1991, 83.06027397260274, 154.12328767123287)]
FR000007354, [(1991, 67.17808219178082, 157.77534246575343)]
FR000007630, [(1991, 85.03287671232877, 179.64931506849314)]
FR000007747, [(1991, 111.89041095890411, 195.35068493150686)]
FRM00007100, [(1991, 102.49645390070921, 133.7796052631579)]
FRM00007460, [(1991, 64.03174603174604, 182.49411764705883)]
FRM00007481, [(1991, 79.91326530612245, 184.09310344827585)]
FRM00007535, [(1991, 73.95737704918032, 187.15988372093022)]
FRM00007643, [(1991, 99.5843621399177, 209.6)]
FSM00061996, [(1991, 112.02314814814815, 164.6909090909091)]
GBM00064560, [(1991, 197.84, 292.0)]
GG000037267, [(1991, 114.8, 177.60194174757282)]
GG000037375, [(1991, None, 209.327868852459)]
GG000037429, [(1991, 95.38095238095238, 186.5472972972973)]
GG000037483, [(1991, 114.85245901639344, 198.88118811881188)]
GG000037537, [(1991, 56.51111111111111, 149.6)]
GG000037603, [(1991, 25.958333333333332, 92.015625)]
GHM00065404, [(1991, 227.52542372881356, 323.84615384615387)]
GHM00065467, [(1991, 229.06849315068493, 295.10526315789474)]
GHM00065473, [(1991, 238.0, 301.9230769230769)]
GLE00147281, [(1991, -23.276536312849164, 54.47206703910614)]
GM000002288, [(1991, 48.30958904109589, 144.02191780821917)]
GM000003218, [(1991, 0.6304347826086957, 55.108695652173914)]
GM000004199, [(1991, 53.44931506849315, 132.2054794520548)]
GME00102212, [(1991, 61.64383561643836, 121.13150684931507)]
GME00102308, [(1991, 40.68493150684932, 124.92328767123287)]
GME00102356, [(1991, 48.52328767123288, 136.6)]
GMM00010325, [(1991, 59.83969465648855, 139.5066225165563)]
GMM00010454, [(1991, -17.527272727272727, 62.6)]
GMM00010460, [(1991, -9.560975609756097, 49.57692307692308)]
GMM00010577, [(1991, -25.294117647058822, 46.471698113207545)]
GMM00010658, [(1991, 53.29351535836177, 64.0)]
GMM00010724, [(1991, 58.089285714285715, 99.43846153846154)]
GMM00010982, [(1991, 26.214285714285715, 133.5095541401274)]
GPM00078894, [(1991, 251.46315789473684, 317.01075268817203)]
GR000016641, [(1991, 117.75890410958904, 206.8958904109589)]
GR000016716, [(1991, 137.92328767123288, 211.0082191780822)]
GRE00105240, [(1991, 123.45205479452055, 199.6767123287671)]
HRE00105227, [(1991, 5.005479452054795, 66.73424657534247)]
HUM00012843, [(1991, 61.73615635179153, 151.13134328358208)]
ICM00004014, [(1991, 33.88175675675676, 76.21301775147928)]
IDM00096011, [(1991, 223.69, 319.25)]
IDM00096221, [(1991, 233.02564102564102, 316.8)]
IDM00096581, [(1991, 227.26190476190476, 321.4347826086956)]
IDM00096737, [(1991, 226.33333333333334, 308.0)]
IDM00096791, [(1991, 230.13333333333333, 336.5)]
IDM00096839, [(1991, 237.03703703703704, 324.74444444444447)]
IDM00097430, [(1991, 229.71428571428572, 307.42857142857144)]
IDM00097580, [(1991, 202.0, 312.0)]
IN001160200, [(1991, 243.97286821705427, 336.3457627118644)]
IN004102500, [(1991, 188.94594594594594, 311.56826568265683)]
IN005150100, [(1991, 223.83402489626556, 340.0810810810811)]
IN012070800, [(1991, 222.99694189602445, 319.0684523809524)]
IN019180500, [(1991, 221.0, 337.62573099415204)]
IN020040900, [(1991, 243.61904761904762, 333.32716049382714)]
IN023261300, [(1991, 204.6225165562914, 329.2634730538922)]
IRM00040723, [(1991, 101.34545454545454, 241.8181818181818)]
IRM00040738, [(1991, 165.1818181818182, 257.64)]
IRM00040831, [(1991, 202.67241379310346, 355.19736842105266)]
IS000006771, [(1991, 135.04657534246576, 216.15342465753426)]
IS000009972, [(1991, 187.15068493150685, 311.027397260274)]
IT000016550, [(1991, 128.32054794520548, 204.67123287671234)]
ITM00016008, [(1991, 23.64344262295082, 102.66777408637874)]
ITM00016098, [(1991, 76.06603773584905, 179.3453237410072)]
ITM00016158, [(1991, 102.305, 204.72563176895306)]
ITM00016179, [(1991, 97.3203125, 164.20567375886526)]
IVM00065560, [(1991, 217.4453125, 311.3285714285714)]
JA000047409, [(1991, 31.951351351351352, 109.39375)]
JA000047421, [(1991, 57.29611650485437, 129.65806451612903)]
JA000047592, [(1991, 78.355, 155.8100890207715)]
JA000047604, [(1991, 100.05882352941177, 176.86046511627907)]
JA000047610, [(1991, 77.87434554973822, 171.72)]
JA000047631, [(1991, 146.48076923076923, 219.02230483271376)]
JA000047769, [(1991, 209.5, 290.0)]
JA000047814, [(1991, 250.5, 294.875)]
JA000047829, [(1991, 237.33333333333334, 289.2)]
JA000047835, [(1991, 254.0, 288.3333333333333)]
JA000047898, [(1991, 157.32380952380953, 213.39233038348084)]
JA000047991, [(1991, 235.96712328767123, 288.21643835616436)]
JAW00042402, [(1991, 215.22705314009661, 260.4028985507246)]
KE000063619, [(1991, 180.7, 270.8447653429603)]
KE000063820, [(1991, 219.75954198473283, 303.0577777777778)]
KEM00063686, [(1991, 101.89138576779027, 234.3095238095238)]
KG000036927, [(1991, 21.26923076923077, 106.96103896103897)]
KG000038358, [(1991, -134.5909090909091, 6.444444444444445)]
KG000038613, [(1991, 87.38325991189427, 189.76825396825396)]
KG000038871, [(1991, -77.6, 67.48192771084338)]
KNM00047016, [(1991, -34.88646288209607, 104.7827380952381)]
KNM00047058, [(1991, 52.10762331838565, 160.79022988505747)]
KR000091610, [(1991, 250.05701754385964, 316.54948805460754)]
KZ000028785, [(1991, -7.026666666666666, 92.58536585365853)]
KZ000034581, [(1991, 72.98913043478261, 157.70042194092827)]
KZ000035067, [(1991, -24.931707317073172, 128.08759124087592)]
KZ000035229, [(1991, 0.6054794520547945, 120.65205479452055)]
KZ000035358, [(1991, 58.58474576271186, 175.87261146496814)]
KZ000035430, [(1991, -102.42857142857143, 134.07)]
KZ000035532, [(1991, -56.8, 139.54909090909092)]
KZ000035700, [(1991, 53.54246575342466, 154.4958904109589)]
KZ000035925, [(1991, 49.81917808219178, 159.5205479452055)]
KZ000036003, [(1991, -16.078260869565216, 107.25748502994011)]
KZ000036126, [(1991, -7.896551724137931, 106.87698412698413)]
KZ000036546, [(1991, -16.273972602739725, 106.7907949790795)]
KZ000036729, [(1991, 6.523287671232877, 145.46575342465752)]
KZ000036870, [(1991, 48.794520547945204, 161.4931506849315)]
KZ000038001, [(1991, 98.44109589041096, 158.35068493150686)]
KZ000038091, [(1991, 35.74242424242424, 176.37864077669903)]
KZ000038232, [(1991, 81.24418604651163, 189.46036585365854)]
LAM00048940, [(1991, 222.5897435897436, None)]
LG000026314, [(1991, 1.5, 41.5)]
LG000026335, [(1991, -34.5, -34.666666666666664)]
LG000026422, [(1991, 41.72054794520548, 109.32328767123288)]
LH000026509, [(1991, 52.983561643835614, 109.28219178082192)]
LYE00147747, [(1991, 153.981981981982, 241.5590909090909)]
LYM00062212, [(1991, 114.0, 260.5)]
MA000067083, [(1991, 128.6974358974359, 247.42156862745097)]
MA000067143, [(1991, 201.5735294117647, 275.14285714285717)]
MAM00067137, [(1991, 134.59428571428572, 242.8135593220339)]
MGM00044275, [(1991, -125.02173913043478, 49.749196141479096)]
MGM00044314, [(1991, -76.38219895287958, 71.03819444444444)]
MI000067693, [(1991, 176.8119266055046, 281.64864864864865)]
MJM00013363, [(1991, 31.650406504065042, 142.1439114391144)]
MJM00013459, [(1991, 64.5959595959596, 164.8154506437768)]
MLM00061226, [(1991, 238.51394422310756, 370.3247863247863)]
MOE00147755, [(1991, 99.68316831683168, 231.6741935483871)]
MOM00060230, [(1991, 130.1184210526316, 262.7250859106529)]
MR000001442, [(1991, 200.4437086092715, 322.0)]
MR000001499, [(1991, 241.91981132075472, 367.36170212765956)]
MT000016597, [(1991, 156.06756756756758, 224.04545454545453)]
MUM00041244, [(1991, 166.0, 370.0)]
MX000002043, [(1991, 81.42241379310344, 276.6852367688022)]
MX000007089, [(1991, 202.6986301369863, 318.027397260274)]
MX000007107, [(1991, 169.08219178082192, 296.3424657534247)]
MX000008010, [(1991, 79.27576601671309, 232.87671232876713)]
MX000008031, [(1991, 117.0, 292.6923076923077)]
MX000010029, [(1991, 79.2463768115942, 232.84916201117318)]
MX000011028, [(1991, 113.85074626865672, 281.07462686567163)]
MX000021126, [(1991, 70.1685393258427, 212.9041095890411)]
MX000023001, [(1991, 215.586301369863, 312.9068493150685)]
MX000026076, [(1991, 144.46575342465752, 296.7671232876712)]
MXM00076113, [(1991, 113.47727272727273, 306.1679389312977)]
MXM00076323, [(1991, 89.8641975308642, 257.36)]
MXM00076548, [(1991, 216.17441860465115, 291.2825278810409)]
MXM00076581, [(1991, 148.83512544802866, 298.05172413793105)]
MXM00076656, [(1991, 139.33333333333334, 280.0)]
MXM00076737, [(1991, 125.95033112582782, 250.3235294117647)]
MXM00076743, [(1991, 209.72549019607843, 333.12380952380954)]
MXM00076845, [(1991, 83.96396396396396, 236.70192307692307)]
MY000048620, [(1991, 232.77260273972604, 320.1835616438356)]
MZ000067237, [(1991, 192.7035175879397, 290.72222222222223)]
NG000001052, [(1991, 235.81560283687944, 359.8529411764706)]
NHM00091565, [(1991, 193.59230769230768, 270.48)]
NLE00100530, [(1991, 46.20821917808219, 129.08219178082192)]
NLE00113742, [(1991, 38.90163934426229, 76.78688524590164)]
NO000001465, [(1991, 60.12876712328767, 105.56712328767124)]
NOE00104443, [(1991, 42.010958904109586, 75.47671232876712)]
NOE00109759, [(1991, 18.386301369863013, 104.03287671232877)]
NOE00110038, [(1991, -19.389041095890413, 66.06575342465753)]
NOE00110572, [(1991, 31.303867403314918, 71.95580110497238)]
NOE00110653, [(1991, 46.75890410958904, 103.07123287671233)]
NOE00110959, [(1991, 45.36986301369863, 111.2986301369863)]
NOM00001492, [(1991, 33.33424657534247, 104.55068493150685)]
NZ000093012, [(1991, 115.0027397260274, 190.01643835616437)]
NZ000936150, [(1991, 73.04931506849314, 150.0958904109589)]
PEM00084425, [(1991, 215.77884615384616, 329.69767441860466)]
PEM00084452, [(1991, 177.21463414634147, 273.4)]
PKM00041598, [(1991, 148.45222929936307, 281.60571428571427)]
PKM00041685, [(1991, 74.82608695652173, None)]
PKM00041718, [(1991, 136.96969696969697, 304.6507936507937)]
PKM00041739, [(1991, 141.97916666666666, 296.55371900826447)]
PLM00012497, [(1991, 36.785714285714285, 122.52459016393442)]
PO000008282, [(1991, 125.15977961432507, 223.35616438356163)]
PO000008546, [(1991, 105.78082191780823, 193.67123287671234)]
PP000092014, [(1991, 236.93406593406593, 306.95054945054943)]
PP000092035, [(1991, 227.7972602739726, 310.75068493150684)]
REM00061980, [(1991, 203.0655172413793, 277.8767123287671)]
ROE00100904, [(1991, 46.40555555555556, 156.47671232876712)]
ROE00108887, [(1991, 51.42739726027397, 140.53972602739725)]
ROE00108893, [(1991, 53.12602739726027, 153.87123287671233)]
ROM00015360, [(1991, 92.4904109589041, 138.0191780821918)]
RP000098755, [(1991, 228.70886075949366, 322.1595744680851)]
RP000098836, [(1991, 242.0849315068493, 326.8027397260274)]
RQC00660061, [(1991, 144.5972602739726, 279.78356164383564)]
RQC00664276, [(1991, 175.3013698630137, 308.03287671232874)]
RQC00668881, [(1991, 182.23561643835617, 328.63287671232877)]
RQC00669766, [(1991, 230.6153846153846, 300.6978021978022)]
RSM00020069, [(1991, -168.75616438356164, -114.51780821917808)]
RSM00020744, [(1991, -71.06027397260274, -16.02191780821918)]
RSM00021824, [(1991, -157.57534246575344, -81.28493150684932)]
RSM00022019, [(1991, -43.850828729281766, 17.61878453038674)]
RSM00022106, [(1991, -43.83913043478261, 56.512727272727275)]
RSM00022127, [(1991, -52.17872340425532, 49.60839160839161)]
RSM00022235, [(1991, -61.82534246575342, 36.39116719242902)]
RSM00022511, [(1991, -86.65137614678899, 24.333333333333332)]
RSM00022676, [(1991, -32.24109589041096, 58.02191780821918)]
RSM00022721, [(1991, -14.830434782608696, 80.08070175438597)]
RSM00022778, [(1991, -12.168888888888889, 86.12167300380229)]
RSM00022802, [(1991, 3.9123287671232876, 76.36438356164383)]
RSM00022892, [(1991, 20.454794520547946, 84.26849315068493)]
RSM00022925, [(1991, -117.0, -54.5)]
RSM00023207, [(1991, -73.65942028985508, 57.462765957446805)]
RSM00023552, [(1991, -74.95614035087719, 12.794202898550724)]
RSM00023606, [(1991, -17.857142857142858, 74.64835164835165)]
RSM00023891, [(1991, -109.84657534246575, -0.010958904109589041)]
RSM00023966, [(1991, -79.89315068493151, 34.084931506849315)]
RSM00024125, [(1991, -160.23561643835617, -72.84931506849315)]
RSM00024329, [(1991, -195.85753424657534, -61.0)]
RSM00024713, [(1991, -141.82739726027398, -18.24109589041096)]
RSM00024923, [(1991, -108.35068493150685, 4.041095890410959)]
RSM00024944, [(1991, -103.35068493150685, 4.676712328767123)]
RSM00024959, [(1991, -137.67123287671234, -29.78082191780822)]
RSM00025400, [(1991, -145.72602739726028, -48.821917808219176)]
RSM00025538, [(1991, -149.93150684931507, -34.00547945205479)]
RSM00025916, [(1991, -31.83013698630137, 19.86027397260274)]
RSM00025922, [(1991, -47.6497005988024, 7.023952095808383)]
RSM00026063, [(1991, 33.71780821917808, 95.35616438356165)]
RSM00026078, [(1991, 17.668161434977577, 110.22535211267606)]
RSM00026099, [(1991, -185.0, -103.0)]
RSM00026477, [(1991, 21.405479452054795, 101.56712328767124)]
RSM00026498, [(1991, 22.987603305785125, 106.59531772575251)]
RSM00026585, [(1991, 24.46613545816733, 104.26190476190476)]
RSM00026882, [(1991, 24.195020746887966, 107.44370860927152)]
RSM00027008, [(1991, 3.8958904109589043, 88.55616438356165)]
RSM00027083, [(1991, -14.58904109589041, 73.42465753424658)]
RSM00027164, [(1991, -9.536986301369863, 83.33424657534246)]
RSM00027509, [(1991, 16.873972602739727, 95.32876712328768)]
RSM00027665, [(1991, 13.389041095890411, 95.87671232876713)]
RSM00027719, [(1991, 21.693486590038315, 112.52564102564102)]
RSM00027962, [(1991, 16.898630136986302, 107.16986301369863)]
RSM00027983, [(1991, 20.79032258064516, 117.00322580645161)]
RSM00028049, [(1991, -7.8940677966101696, 81.15894039735099)]
RSM00028076, [(1991, -27.73125, 84.75280898876404)]
RSM00028319, [(1991, 4.264150943396227, 94.6594982078853)]
RSM00028346, [(1991, -71.33333333333333, 136.6595744680851)]
RSM00028367, [(1991, -18.44931506849315, 82.68219178082192)]
RSM00028481, [(1991, -0.7640449438202247, 109.48484848484848)]
RSM00028541, [(1991, -20.232758620689655, 91.74534161490683)]
RSM00028598, [(1991, -6.213836477987422, 121.05699481865285)]
RSM00028601, [(1991, None, -20.0)]
RSM00028637, [(1991, -13.533632286995516, 87.6474358974359)]
RSM00028895, [(1991, -22.91780821917808, 87.17808219178082)]
RSM00029393, [(1991, -90.44109589041096, 42.104109589041094)]
RSM00029405, [(1991, -33.01025641025641, 92.62815884476534)]
RSM00029576, [(1991, -22.8109756097561, 86.08712121212122)]
RSM00029636, [(1991, -30.190954773869347, 81.75838926174497)]
RSM00029642, [(1991, -17.764102564102565, 71.69453376205787)]
RSM00030356, [(1991, -121.46575342465754, 20.38082191780822)]
RSM00030437, [(1991, -103.76164383561644, 30.21095890410959)]
RSM00030632, [(1991, -37.534246575342465, 29.816438356164383)]
RSM00030695, [(1991, -94.42465753424658, 39.032876712328765)]
RSM00030713, [(1991, -90.64678899082568, 52.716923076923074)]
RSM00030815, [(1991, -69.42465753424658, 31.632876712328766)]
RSM00030938, [(1991, -135.95092024539878, 45.56221198156682)]
RSM00030965, [(1991, -84.08493150684932, 55.0958904109589)]
RSM00030971, [(1991, -131.435, 44.73076923076923)]
RSM00031253, [(1991, -91.98904109589041, 15.153424657534247)]
RSM00031295, [(1991, -95.46948356807512, 40.81142857142857)]
RSM00031397, [(1991, -106.55974842767296, 59.33476394849785)]
RSM00031421, [(1991, -108.671875, 53.9406528189911)]
RSM00031436, [(1991, -114.12359550561797, -58.07865168539326)]
RSM00031478, [(1991, -99.74294670846395, 37.74766355140187)]
RSM00031484, [(1991, -82.83246073298429, 60.41310541310541)]
RSM00031538, [(1991, -76.37260273972603, 55.64383561643836)]
RSM00031586, [(1991, -44.74520547945205, 68.34246575342466)]
RSM00031733, [(1991, -25.09041095890411, 64.22191780821917)]
RSM00031754, [(1991, -96.41463414634147, 64.53602305475505)]
RSM00031829, [(1991, 5.156164383561644, 71.30410958904109)]
RSM00032057, [(1991, 26.0, 58.41711229946524)]
RSM00032099, [(1991, -10.117808219178082, 32.47397260273973)]
RSM00032150, [(1991, -7.123287671232877, 83.91232876712328)]
RSM00032165, [(1991, 36.00821917808219, 84.46575342465754)]
RSM00032186, [(1991, 6.861538461538461, 59.69255663430421)]
RSM00032246, [(1991, -49.95068493150685, 25.654794520547945)]
RSM00032252, [(1991, -54.23835616438356, 23.980821917808218)]
RSM00032408, [(1991, -36.83139534883721, 46.42948717948718)]
RSM00032477, [(1991, -42.35068493150685, 50.367123287671234)]
RSM00032618, [(1991, 13.509589041095891, 45.68767123287671)]
RSM00034013, [(1991, 49.0, None)]
RSM00034109, [(1991, None, -29.0)]
RSM00034163, [(1991, 11.180821917808219, 111.38630136986302)]
RSM00034202, [(1991, 29.84931506849315, 110.71780821917808)]
RSM00034373, [(1991, 38.30316742081448, 148.72262773722628)]
RSM00034535, [(1991, 50.97716894977169, 158.8695652173913)]
RSM00034880, [(1991, 61.93424657534246, 158.94794520547944)]
RSM00034949, [(1991, 55.010958904109586, 139.7972602739726)]
RSM00036278, [(1991, -74.62465753424658, 42.794520547945204)]
RSM00037004, [(1991, 92.35333333333334, 169.19553072625698)]
RSM00037031, [(1991, 62.28493150684932, 168.36164383561643)]
RSM00037235, [(1991, 63.37808219178082, 163.03561643835616)]
RSM00037472, [(1991, 96.17534246575343, 163.77534246575343)]
SA000040361, [(1991, 145.12876712328767, 285.5753424657534)]
SAM00040400, [(1991, 203.33676975945016, 302.53592814371257)]
SAM00041036, [(1991, 168.45862068965516, 298.1848184818482)]
SAM00041084, [(1991, 161.5732217573222, 338.5377358490566)]
SF000068496, [(1991, 177.04189944134077, 249.92265193370164)]
SF001236540, [(1991, 75.0, 206.0)]
SF002613650, [(1991, 72.99686520376176, 254.37464788732393)]
SFM00068242, [(1991, 153.33333333333334, 275.3333333333333)]
SGM00061695, [(1991, 210.36423841059602, 338.8048780487805)]
SIE00114966, [(1991, 36.59452054794521, 132.86849315068494)]
SIE00115146, [(1991, 45.961643835616435, 145.95616438356166)]
SIE00115206, [(1991, 7.682191780821918, 114.76438356164384)]
SNM00048698, [(1991, 244.03097345132744, 317.87044534412956)]
SP000004452, [(1991, 100.71232876712328, 236.15068493150685)]
SP000007038, [(1991, 150.02739726027397, 213.58904109589042)]
SP000008280, [(1991, 77.54896142433235, 200.2027397260274)]
SPE00101043, [(1991, 125.05205479452054, 229.8027397260274)]
SU000062762, [(1991, 190.87428571428572, 365.65555555555557)]
SUM00062660, [(1991, 154.82222222222222, 325.7906976744186)]
SWE00137858, [(1991, 27.202739726027396, 104.87945205479453)]
SWE00137918, [(1991, 44.26301369863014, 112.83561643835617)]
SWE00138194, [(1991, 19.684931506849313, 100.65205479452055)]
SWE00138212, [(1991, 31.13972602739726, 116.44109589041096)]
SWE00138464, [(1991, 33.42191780821918, 110.09041095890412)]
SWE00138518, [(1991, 32.0027397260274, 101.57808219178082)]
SWE00138530, [(1991, 39.5013698630137, 103.8082191780822)]
SWE00138626, [(1991, 30.693150684931506, 104.42739726027398)]
SWE00138674, [(1991, 57.68767123287671, 108.33698630136986)]
SWE00138680, [(1991, 43.09315068493151, 106.78630136986301)]
SWE00138728, [(1991, 35.95342465753425, 101.71232876712328)]
SWE00138782, [(1991, 19.71232876712329, 104.43561643835616)]
SWE00138836, [(1991, 29.15068493150685, 108.35616438356165)]
SWE00139064, [(1991, 16.806818181818183, 98.61931818181819)]
SWE00139070, [(1991, 10.312328767123288, 107.2986301369863)]
SWE00139172, [(1991, 27.16986301369863, 102.41095890410959)]
SWE00139268, [(1991, 3.591780821917808, 86.26849315068493)]
SWE00139340, [(1991, 4.821917808219178, 86.47397260273972)]
SWE00139490, [(1991, -33.10919540229885, 65.0)]
SWE00139550, [(1991, -20.145205479452056, 72.46849315068494)]
SWE00139604, [(1991, 3.9972602739726026, 97.15342465753425)]
SWE00139652, [(1991, -19.983561643835618, 63.553424657534244)]
SWE00140006, [(1991, -8.180821917808219, 53.21369863013699)]
SWE00140120, [(1991, -17.2, 71.28767123287672)]
SWE00140330, [(1991, -10.024657534246575, 63.02191780821918)]
SWE00140366, [(1991, -6.523287671232877, 70.53424657534246)]
SWE00140474, [(1991, -66.85123966942149, 16.537190082644628)]
SWE00140540, [(1991, -46.98082191780822, 45.24931506849315)]
SWE00140582, [(1991, -33.81643835616438, 46.73150684931507)]
SWE00140744, [(1991, -46.868493150684934, 39.9013698630137)]
SWE00140852, [(1991, -46.03582089552239, 47.10149253731343)]
SWE00140888, [(1991, -27.67945205479452, 37.608219178082194)]
SWE00140906, [(1991, -72.46301369863014, 29.78904109589041)]
SWE00140960, [(1991, -66.25753424657535, 27.016438356164382)]
SZ000002220, [(1991, -34.9972602739726, 16.55890410958904)]
SZ000009480, [(1991, 88.75616438356164, 164.52602739726026)]
TH000048300, [(1991, 200.33333333333334, 335.6)]
TH000048357, [(1991, 216.75968992248062, 321.9428571428571)]
TH000048378, [(1991, 236.10714285714286, 340.74)]
TH000048450, [(1991, 237.9890510948905, 349.57272727272726)]
TH000048459, [(1991, 248.0952380952381, 336.78962536023056)]
TH000048552, [(1991, 231.56565656565655, 324.28197674418607)]
TH000048567, [(1991, 230.46341463414635, 334.4149855907781)]
TI000038744, [(1991, None, 84.3157894736842)]
TI000038867, [(1991, None, 78.28571428571429)]
TI000038933, [(1991, 103.30684931506849, 233.48219178082192)]
TI000038954, [(1991, 34.52054794520548, 151.48767123287672)]
TN000091780, [(1991, 223.48319327731093, 288.6904761904762)]
TOM00065352, [(1991, 223.0066225165563, 350.56716417910445)]
TS000060725, [(1991, 107.04838709677419, 239.9323076923077)]
TUM00017056, [(1991, 100.90102389078498, 168.6179104477612)]
TUM00017116, [(1991, 95.116, 191.4527027027027)]
TX000038392, [(1991, 79.80442804428044, 203.7826086956522)]
TX000038527, [(1991, 92.77777777777777, 201.68367346938774)]
TX000038641, [(1991, 109.83333333333333, 196.0)]
TX000038656, [(1991, 114.60377358490567, 239.4805194805195)]
TX000038791, [(1991, 85.57692307692308, 195.83333333333334)]
TX000038911, [(1991, 116.50763358778626, 243.74468085106383)]
TX000038974, [(1991, 113.96438356164384, 241.41643835616438)]
UK000003377, [(1991, 58.35068493150685, 132.41643835616438)]
UKM00003171, [(1991, 47.52564102564103, 131.55555555555554)]
UKM00003414, [(1991, 51.02010050251256, 147.2156862745098)]
UPM00033058, [(1991, 8.0, 42.0)]
UPM00033376, [(1991, 36.36073059360731, 129.75531914893617)]
UPM00033415, [(1991, 37.756554307116104, 119.34726688102894)]
UPM00033631, [(1991, 55.392857142857146, 144.76373626373626)]
UPM00033862, [(1991, 54.05172413793103, 154.07719298245615)]
USC00011084, [(1991, 116.21325648414985, 244.0864553314121)]
USC00011099, [(1991, 97.33608815426997, 216.85399449035813)]
USC00012245, [(1991, 125.28846153846153, 245.75)]
USC00015140, [(1991, 120.52747252747253, 232.99175824175825)]
USC00015635, [(1991, 112.72876712328767, 230.2958904109589)]
USC00016988, [(1991, 135.25141242937852, 251.54674220963173)]
USC00017207, [(1991, 102.0771349862259, 210.3526170798898)]
USC00020060, [(1991, 97.34794520547945, 272.3095890410959)]
USC00020750, [(1991, 27.84254143646409, 158.09418282548475)]
USC00021026, [(1991, 124.24383561643836, 309.6931506849315)]
USC00021614, [(1991, 90.40273972602739, 275.7808219178082)]
USC00022790, [(1991, 163.73698630136985, 303.86575342465756)]
USC00024761, [(1991, 177.6143790849673, 323.9377049180328)]
USC00026840, [(1991, 110.87123287671233, 266.1205479452055)]
USC00029114, [(1991, 88.44897959183673, 220.69298245614036)]
USC00029657, [(1991, 129.12052117263843, 307.2540716612378)]
USC00030458, [(1991, 102.9013698630137, 226.5068493150685)]
USC00031442, [(1991, 112.9068493150685, 221.7041095890411)]
USC00032978, [(1991, 104.36336336336336, 230.64264264264264)]
USC00033428, [(1991, 105.56111111111112, 225.5208913649025)]
USC00033998, [(1991, 110.84571428571428, 221.35142857142858)]
USC00034562, [(1991, 105.9945205479452, 236.13424657534247)]
USC00036506, [(1991, 113.54246575342465, 232.51232876712328)]
USC00040136, [(1991, 102.17272727272727, 228.29003021148037)]
USC00041048, [(1991, 132.42739726027398, 305.9013698630137)]
USC00041912, [(1991, 78.13432835820896, 228.55522388059703)]
USC00041948, [(1991, 95.72328767123288, 240.8904109589041)]
USC00042338, [(1991, 64.36363636363636, 184.4005681818182)]
USC00042467, [(1991, -23.92436974789916, 154.41242937853107)]
USC00042506, [(1991, 15.178082191780822, 176.65205479452055)]
USC00044297, [(1991, 149.05397727272728, 299.08815426997245)]
USC00044735, [(1991, 118.73333333333333, 232.91717791411043)]
USC00045233, [(1991, 91.12676056338029, 245.1634349030471)]
USC00045356, [(1991, -9.895890410958904, 164.1260273972603)]
USC00045890, [(1991, 69.62301587301587, 215.25896414342628)]
USC00046172, [(1991, 76.50568181818181, 246.98863636363637)]
USC00046646, [(1991, 76.93370165745857, 200.24585635359117)]
USC00046943, [(1991, 88.20821917808219, 195.6821917808219)]
USC00047150, [(1991, 32.56438356164384, 235.2)]
USC00047306, [(1991, 108.08635097493037, 260.0027700831025)]
USC00047414, [(1991, 101.73626373626374, 186.02747252747253)]
USC00047807, [(1991, 70.82465753424657, 175.2082191780822)]
USC00047813, [(1991, 85.51895043731778, 278.9014492753623)]
USC00047957, [(1991, 78.42295081967212, 237.20792079207922)]
USC00048218, [(1991, -1.7218045112781954, 178.8239700374532)]
USC00048353, [(1991, 76.68181818181819, 269.02592592592595)]
USC00048380, [(1991, 23.920454545454547, 156.8380681818182)]
USC00049325, [(1991, 69.98901098901099, 248.93406593406593)]
USC00049367, [(1991, 109.35082872928177, 238.34530386740332)]
USC00050945, [(1991, 4.46978021978022, 180.3901098901099)]
USC00051017, [(1991, -29.09041095890411, 172.2082191780822)]
USC00051071, [(1991, -31.1910447761194, 143.02985074626866)]
USC00051401, [(1991, 8.48, 168.03)]
USC00051458, [(1991, -54.637362637362635, 138.32967032967034)]
USC00051713, [(1991, -62.43561643835616, 136.67397260273972)]
USC00051944, [(1991, -53.93698630136986, 124.5123287671233)]
USC00051959, [(1991, -94.4904109589041, 102.23287671232876)]
USC00053246, [(1991, 32.24295774647887, 158.68661971830986)]
USC00054380, [(1991, 25.50137741046832, 179.53168044077134)]
USC00054413, [(1991, 28.01098901098901, 187.099173553719)]
USC00055934, [(1991, 4.079452054794521, 164.90684931506848)]
USC00056012, [(1991, -13.175824175824175, 147.88186813186815)]
USC00056258, [(1991, -49.054794520547944, 159.7178082191781)]
USC00056318, [(1991, 9.103559870550162, 170.37864077669903)]
USC00056765, [(1991, 26.479338842975206, 201.21763085399448)]
USC00057656, [(1991, -85.94214876033058, 112.38567493112947)]
USC00057866, [(1991, 40.463013698630135, 212.3972602739726)]
USC00058931, [(1991, -47.69940476190476, 136.23809523809524)]
USC00067970, [(1991, 81.4, 205.5)]
USC00068138, [(1991, 52.17955801104972, 149.8725761772853)]
USC00080369, [(1991, 172.17906336088154, 286.1460055096419)]
USC00084095, [(1991, 193.3721590909091, 298.1699716713881)]
USC00084662, [(1991, 170.2, 301.71031746031747)]
USC00085973, [(1991, 176.55649717514123, 293.9858757062147)]
USC00087254, [(1991, 207.5819209039548, 298.1412429378531)]
USC00088565, [(1991, 158.68333333333334, 271.2888888888889)]
USC00088841, [(1991, 229.89142857142858, 288.66)]
USC00089219, [(1991, 178.77374301675977, 282.5111731843575)]
USC00090140, [(1991, 119.77260273972603, 258.94460641399417)]
USC00091640, [(1991, 106.82967032967034, 223.1260273972603)]
USC00091973, [(1991, 134.59281437125748, 257.251497005988)]
USC00092153, [(1991, 135.24109589041095, 260.03561643835616)]
USC00092180, [(1991, 107.3013698630137, 226.41643835616438)]
USC00092450, [(1991, 141.5206611570248, 252.88980716253442)]
USC00092783, [(1991, 105.76164383561644, 261.3917808219178)]
USC00092966, [(1991, 134.34794520547945, 250.48767123287672)]
USC00095882, [(1991, 118.88857142857142, 252.33142857142857)]
USC00100448, [(1991, 20.15890410958904, 164.3598901098901)]
USC00101663, [(1991, 3.356164383561644, 144.56043956043956)]
USC00102575, [(1991, -61.0027397260274, 103.82465753424657)]
USC00102845, [(1991, 45.821917808219176, 182.23013698630137)]
USC00104384, [(1991, -13.242424242424242, 150.51351351351352)]
USC00105275, [(1991, -20.394520547945206, 121.40273972602739)]
USC00106586, [(1991, 4.2465753424657535, 165.77260273972604)]
USC00106877, [(1991, 12.37087912087912, 165.59065934065933)]
USC00108062, [(1991, 33.22608695652174, 156.04117647058823)]
USC00108137, [(1991, 18.846575342465755, 136.8543956043956)]
USC00108380, [(1991, 23.403846153846153, 181.03370786516854)]
USC00108395, [(1991, 7.7534246575342465, 170.6)]
USC00110072, [(1991, 52.612994350282484, 164.1596638655462)]
USC00110993, [(1991, 100.66346153846153, 204.17307692307693)]
USC00111329, [(1991, -52.47457627118644, 26.88135593220339)]
USC00112193, [(1991, 63.137724550898206, 173.7994011976048)]
USC00113369, [(1991, 50.97872340425532, 164.9696048632219)]
USC00116663, [(1991, 61.09340659340659, 167.00274725274724)]
USC00116819, [(1991, 53.005494505494504, 176.07417582417582)]
USC00121739, [(1991, 48.65659340659341, 159.0109589041096)]
USC00122825, [(1991, 54.846575342465755, 170.83013698630137)]
USC00123527, [(1991, 73.3019943019943, 176.4757834757835)]
USC00124181, [(1991, 55.175342465753424, 170.1972602739726)]
USC00124715, [(1991, 57.4010989010989, 172.2967032967033)]
USC00125174, [(1991, 53.42739726027397, 165.1917808219178)]
USC00127646, [(1991, 64.98066298342542, 174.30939226519337)]
USC00128036, [(1991, 71.65479452054795, 190.76712328767124)]
USC00128999, [(1991, 61.11506849315069, 163.8849315068493)]
USC00129557, [(1991, 69.46260387811634, 182.62603878116343)]
USC00130112, [(1991, 54.67768595041322, 167.8512396694215)]
USC00130133, [(1991, 26.812849162011172, 129.35890410958905)]
USC00130241, [(1991, 37.82825484764543, 149.91135734072023)]
USC00130364, [(1991, 36.56868131868132, 156.46301369863014)]
USC00130385, [(1991, 37.569060773480665, 156.98618784530387)]
USC00131402, [(1991, 27.805479452054794, 141.57534246575344)]
USC00132110, [(1991, 24.964383561643835, 144.85479452054796)]
USC00132689, [(1991, 34.24109589041096, 140.83013698630137)]
USC00133517, [(1991, 45.035616438356165, 143.96164383561643)]
USC00133985, [(1991, 33.49041095890411, 139.06575342465754)]
USC00134063, [(1991, 51.90934844192635, 167.92372881355934)]
USC00134381, [(1991, 65.77808219178083, 173.07945205479453)]
USC00134585, [(1991, 55.64109589041096, 169.07945205479453)]
USC00134705, [(1991, 59.082644628099175, 162.7945205479452)]
USC00135203, [(1991, 53.26027397260274, 154.19452054794522)]
USC00135230, [(1991, 17.21917808219178, 128.0412087912088)]
USC00136940, [(1991, 51.18904109589041, 172.97808219178083)]
USC00137678, [(1991, 43.608219178082194, 154.7068493150685)]
USC00138026, [(1991, 32.24309392265194, 135.3601108033241)]
USC00139067, [(1991, 17.8086642599278, 126.87410071942446)]
USC00140693, [(1991, 66.36438356164383, 201.08219178082192)]
USC00141029, [(1991, 24.115702479338843, 185.93939393939394)]
USC00141704, [(1991, 83.65479452054795, 219.57534246575344)]
USC00142622, [(1991, 85.03287671232877, 215.42465753424656)]
USC00143759, [(1991, 70.0812324929972, 199.48739495798318)]
USC00143810, [(1991, 68.37260273972603, 205.66575342465754)]
USC00143954, [(1991, 95.77534246575343, 218.5972602739726)]
USC00144488, [(1991, -14.25, 100.5)]
USC00145127, [(1991, 37.271232876712325, 186.4191780821918)]
USC00148964, [(1991, 89.56438356164384, 209.64109589041095)]
USC00151256, [(1991, 106.4578313253012, 214.29518072289156)]
USC00155834, [(1991, 64.35989010989012, 213.2445054945055)]
USC00157049, [(1991, 75.40866873065015, 190.68923076923076)]
USC00160205, [(1991, 134.6958904109589, 254.26027397260273)]
USC00160349, [(1991, 119.01095890410959, 240.70958904109588)]
USC00161246, [(1991, 139.42191780821918, 252.33698630136988)]
USC00163433, [(1991, 164.11878453038673, 245.27671232876713)]
USC00165527, [(1991, 121.9532967032967, 239.62087912087912)]
USC00165620, [(1991, 145.51232876712328, 254.06027397260274)]
USC00168539, [(1991, 146.77534246575343, 252.33424657534246)]
USC00168923, [(1991, 130.86187845303868, 234.34254143646407)]
USC00170480, [(1991, 21.900277008310248, 138.45706371191136)]
USC00172700, [(1991, -20.106849315068494, 100.57534246575342)]
USC00173261, [(1991, -6.311294765840221, 129.64462809917356)]
USC00174086, [(1991, -32.69315068493151, 104.6824512534819)]
USC00174566, [(1991, 37.97229916897507, 142.30470914127423)]
USC00180335, [(1991, 94.31549295774649, 185.0515759312321)]
USC00181862, [(1991, 65.1013698630137, 206.27945205479452)]
USC00186350, [(1991, 91.96153846153847, 208.61263736263737)]
USC00186620, [(1991, 39.42739726027397, 167.2821917808219)]
USC00186770, [(1991, 84.83977900552486, 204.76795580110496)]
USC00190535, [(1991, 43.14520547945205, 163.13698630136986)]
USC00192107, [(1991, 38.4748427672956, 160.77215189873417)]
USC00193505, [(1991, 38.14794520547945, 161.55068493150685)]
USC00194105, [(1991, 36.605479452054794, 160.0904109589041)]
USC00201476, [(1991, 36.64383561643836, 146.7890410958904)]
USC00201896, [(1991, 28.704109589041096, 127.51780821917808)]
USC00202250, [(1991, 43.032876712328765, 159.02739726027397)]
USC00202751, [(1991, 124.67213114754098, 249.31147540983608)]
USC00203096, [(1991, 16.16986301369863, 125.61643835616438)]
USC00203183, [(1991, 135.24590163934425, 264.0655737704918)]
USC00203303, [(1991, 131.43333333333334, 282.26666666666665)]
USC00203744, [(1991, -7.617977528089888, 104.76123595505618)]
USC00204257, [(1991, 10.914364640883978, 122.82644628099173)]
USC00205073, [(1991, 10.711538461538462, 99.7095890410959)]
USC00206300, [(1991, 37.315642458100555, 143.4073033707865)]
USC00208043, [(1991, -9.244372990353698, 120.87820512820512)]
USC00210989, [(1991, -35.156164383561645, 105.65753424657534)]
USC00213104, [(1991, 2.5961538461538463, 122.52747252747253)]
USC00213296, [(1991, -19.883161512027492, 100.57241379310345)]
USC00214103, [(1991, -5.285318559556787, 96.00277008310249)]
USC00214652, [(1991, -11.68870523415978, 109.89531680440771)]
USC00214937, [(1991, 21.797260273972604, 144.73972602739727)]
USC00215204, [(1991, 28.123626373626372, 135.0)]
USC00216287, [(1991, 29.65753424657534, 138.0082191780822)]
USC00217184, [(1991, -107.7, -1.7833333333333334)]
USC00217460, [(1991, 10.335640138408305, 130.9757785467128)]
USC00217907, [(1991, 16.0, 130.3945205479452)]
USC00222896, [(1991, 113.86980609418282, 239.1578947368421)]
USC00224702, [(1991, 114.62569832402235, 239.9192200557103)]
USC00227111, [(1991, 106.96694214876032, 228.17582417582418)]
USC00227132, [(1991, 123.41369863013699, 242.88219178082193)]
USC00227444, [(1991, 118.57534246575342, 245.09315068493152)]
USC00229079, [(1991, 110.14647887323943, 229.82535211267606)]
USC00229400, [(1991, 105.5123287671233, 231.61917808219178)]
USC00230657, [(1991, 66.92285714285714, 191.52)]
USC00232511, [(1991, 61.4213649851632, 221.49262536873155)]
USC00232568, [(1991, 65.98516320474778, 189.8051575931232)]
USC00232850, [(1991, 74.47945205479452, 195.91232876712328)]
USC00235253, [(1991, 81.75616438356164, 203.44383561643835)]
USC00235307, [(1991, 85.03013698630137, 196.63013698630138)]
USC00235340, [(1991, 36.23353293413174, 162.02095808383234)]
USC00235862, [(1991, 70.82035928143712, 190.92215568862275)]
USC00237578, [(1991, 71.42148760330579, 188.46556473829202)]
USC00238082, [(1991, 88.23631123919309, 212.36676217765043)]
USC00238184, [(1991, 79.34516129032258, 203.91290322580645)]
USC00238223, [(1991, 79.29085872576178, 200.425)]
USC00238577, [(1991, 69.26923076923077, 182.77197802197801)]
USC00238805, [(1991, 110.51229508196721, 231.4857142857143)]
USC00238880, [(1991, 65.72602739726027, 196.9917808219178)]
USC00240110, [(1991, -6.304109589041096, 123.91780821917808)]
USC00240755, [(1991, 28.98050139275766, 125.6267409470752)]
USC00240923, [(1991, -118.35593220338983, -14.220338983050848)]
USC00243098, [(1991, 11.717032967032967, 163.6401098901099)]
USC00243617, [(1991, -5.065753424657534, 140.5013698630137)]
USC00243929, [(1991, -10.395604395604396, 152.52747252747253)]
USC00244007, [(1991, -1.3632075471698113, 149.68867924528303)]
USC00245285, [(1991, -1.603305785123967, 123.47802197802197)]
USC00245387, [(1991, -6.1303116147308785, 141.81440443213296)]
USC00246236, [(1991, -24.567123287671233, 125.99178082191781)]
USC00246635, [(1991, 31.00557103064067, 134.57381615598885)]
USC00246893, [(1991, -7.597260273972603, 136.51780821917808)]
USC00247214, [(1991, 16.760330578512395, 160.4120879120879)]
USC00247505, [(1991, 5.501766784452297, 161.17375886524823)]
USC00248087, [(1991, -18.648829431438127, 118.22977346278317)]
USC00248093, [(1991, 2.9134328358208954, 145.83283582089553)]
USC00248363, [(1991, 2.7205479452054795, 166.37534246575342)]
USC00248390, [(1991, 27.357664233576642, 170.22992700729927)]
USC00248777, [(1991, -12.723287671232876, 111.88493150684931)]
USC00248783, [(1991, 7.732782369146006, 159.12947658402203)]
USC00248930, [(1991, -5.352941176470588, 135.2967359050445)]
USC00249023, [(1991, -9.597260273972603, 128.5068493150685)]
USC00250622, [(1991, 44.8, 184.15342465753426)]
USC00251345, [(1991, 34.76986301369863, 177.96986301369864)]
USC00251684, [(1991, 41.08635097493036, 175.29805013927577)]
USC00251825, [(1991, 49.76712328767123, 172.9150684931507)]
USC00252770, [(1991, 12.842261904761905, 159.3141993957704)]
USC00253175, [(1991, 56.153424657534245, 182.0849315068493)]
USC00253595, [(1991, 47.3951367781155, 192.94242424242424)]
USC00253715, [(1991, -1.6990881458966565, 165.35151515151514)]
USC00253910, [(1991, 41.271232876712325, 175.63835616438357)]
USC00255362, [(1991, 40.86703601108033, 164.04469273743015)]
USC00255470, [(1991, 26.980821917808218, 164.0849315068493)]
USC00256970, [(1991, 74.28350515463917, 232.83516483516485)]
USC00258395, [(1991, 40.58904109589041, 180.13698630136986)]
USC00258650, [(1991, 20.017241379310345, 180.15850144092218)]
USC00258875, [(1991, 47.30594900849859, 170.92634560906515)]
USC00258920, [(1991, 23.60674157303371, 175.57303370786516)]
USC00258935, [(1991, 32.80172413793103, 167.86666666666667)]
USC00260282, [(1991, -11.180555555555555, 162.4083044982699)]
USC00260438, [(1991, 4.586301369863014, 136.2876712328767)]
USC00261071, [(1991, 134.57260273972602, 258.5232876712329)]
USC00261485, [(1991, 11.53048780487805, 174.7630769230769)]
USC00261740, [(1991, -3.6434540389972145, 154.97206703910615)]
USC00263090, [(1991, 37.54120879120879, 176.2335164835165)]
USC00263957, [(1991, 21.047887323943662, 186.50140845070422)]
USC00264935, [(1991, -6.067415730337078, 169.59943977591035)]
USC00265352, [(1991, -20.245179063360883, 171.3030303030303)]
USC00265880, [(1991, 65.79354838709678, 236.66666666666666)]
USC00267620, [(1991, 15.013698630136986, 182.54520547945205)]
USC00267953, [(1991, 79.2939393939394, 192.33636363636364)]
USC00268838, [(1991, 15.848396501457726, 197.3081395348837)]
USC00268988, [(1991, -14.747945205479452, 154.34246575342465)]
USC00269072, [(1991, -47.24585635359116, 130.5027624309392)]
USC00273182, [(1991, 10.566037735849056, 162.0314465408805)]
USC00282023, [(1991, 68.83561643835617, 194.813698630137)]
USC00286055, [(1991, 65.30410958904109, 181.9808219178082)]
USC00287393, [(1991, 133.07555555555555, 214.34222222222223)]
USC00289910, [(1991, 74.73351648351648, 201.92307692307693)]
USC00290225, [(1991, 4.336956521739131, 115.97826086956522)]
USC00290231, [(1991, -14.195652173913043, 151.41304347826087)]
USC00290915, [(1991, 40.81917808219178, 242.1013698630137)]
USC00291332, [(1991, 55.09322033898305, 201.3887323943662)]
USC00291440, [(1991, 24.528735632183906, 184.1264367816092)]
USC00291515, [(1991, 39.63525835866261, 223.890243902439)]
USC00292100, [(1991, 31.876712328767123, 207.1150684931507)]
USC00292250, [(1991, 16.505494505494507, 193.32692307692307)]
USC00293060, [(1991, 15.682191780821919, 204.15616438356165)]
USC00294026, [(1991, 88.51239669421487, 240.56749311294766)]
USC00295370, [(1991, 74.56545961002786, 247.3342618384401)]
USC00296465, [(1991, 25.028169014084508, 157.8659217877095)]
USC00297254, [(1991, 43.98529411764706, 210.7264705882353)]
USC00298085, [(1991, 17.533519553072626, 175.32686980609418)]
USC00299165, [(1991, 70.30812324929973, 237.85994397759103)]
USC00300023, [(1991, 42.435374149659864, 184.26351351351352)]
USC00300443, [(1991, 49.221917808219175, 153.98356164383563)]
USC00301436, [(1991, 32.5013698630137, 136.96703296703296)]
USC00302036, [(1991, 16.855153203342617, 146.5431754874652)]
USC00303773, [(1991, 38.31986531986532, 136.1275167785235)]
USC00305426, [(1991, 59.104109589041094, 154.13698630136986)]
USC00305597, [(1991, 26.476510067114095, 141.4228187919463)]
USC00307799, [(1991, 4.600591715976331, 108.88059701492537)]
USC00308627, [(1991, 25.734246575342464, 123.44657534246575)]
USC00310184, [(1991, 68.4931506849315, 213.82739726027398)]
USC00310286, [(1991, 108.33150684931506, 222.54794520547946)]
USC00310724, [(1991, 76.94198895027624, 200.66022099447514)]
USC00310982, [(1991, 65.47397260273972, 159.84109589041097)]
USC00311975, [(1991, 97.63835616438357, 223.2109589041096)]
USC00312200, [(1991, 83.40273972602739, 208.5917808219178)]
USC00312635, [(1991, 117.07397260273973, 228.38082191780822)]
USC00313106, [(1991, 70.41643835616438, 187.2821917808219)]
USC00313784, [(1991, 93.2904109589041, 233.83013698630137)]
USC00315356, [(1991, 58.895890410958906, 198.62465753424658)]
USC00315890, [(1991, 84.86301369863014, 214.62739726027397)]
USC00315923, [(1991, 35.112637362637365, 115.78296703296704)]
USC00316001, [(1991, 80.13259668508287, 213.2200557103064)]
USC00317516, [(1991, 77.34246575342466, 215.3095890410959)]
USC00317618, [(1991, 85.12121212121212, 212.5206611570248)]
USC00318500, [(1991, 100.1767955801105, 240.28453038674033)]
USC00321362, [(1991, -5.06, 129.91142857142856)]
USC00322193, [(1991, 2.2684931506849315, 134.13150684931506)]
USC00323117, [(1991, 3.14404432132964, 128.13296398891967)]
USC00323705, [(1991, 5.884931506849315, 133.41095890410958)]
USC00323963, [(1991, -23.046575342465754, 106.95068493150686)]
USC00324083, [(1991, -73.14285714285714, 39.15384615384615)]
USC00324203, [(1991, -2.9752747252747254, 121.26923076923077)]
USC00325013, [(1991, -10.553719008264462, 104.633608815427)]
USC00325730, [(1991, -18.649315068493152, 104.9013698630137)]
USC00327047, [(1991, 0.10136986301369863, 124.84931506849315)]
USC00328850, [(1991, -5.403314917127072, 123.85911602209944)]
USC00329195, [(1991, 13.735376044568245, 139.2722222222222)]
USC00330563, [(1991, 58.854395604395606, 167.67032967032966)]
USC00331541, [(1991, 52.01933701657459, 158.439226519337)]
USC00331805, [(1991, None, 305.4)]
USC00333722, [(1991, 52.30684931506849, 167.91232876712328)]
USC00333758, [(1991, 68.83835616438355, 172.6)]
USC00334004, [(1991, 62.720379146919434, 191.10900473933648)]
USC00335297, [(1991, 43.64383561643836, 173.94246575342467)]
USC00335315, [(1991, 42.45753424657534, 177.7945205479452)]
USC00335438, [(1991, 44.26027397260274, 163.8794520547945)]
USC00335669, [(1991, 44.88397790055249, 170.10526315789474)]
USC00335939, [(1991, 65.0, 186.03561643835616)]
USC00340256, [(1991, 109.41917808219178, 234.73150684931508)]
USC00341168, [(1991, 103.26027397260275, 236.65479452054794)]
USC00341504, [(1991, 89.80351906158357, 230.39941690962098)]
USC00342944, [(1991, 86.05479452054794, 226.5205479452055)]
USC00344672, [(1991, 100.3121546961326, 213.1353591160221)]
USC00344861, [(1991, 97.7013698630137, 223.55616438356165)]
USC00345509, [(1991, 91.65479452054795, 235.23561643835617)]
USC00345563, [(1991, 121.98082191780821, 237.06849315068493)]
USC00346670, [(1991, 83.9196675900277, 219.57063711911357)]
USC00347012, [(1991, 104.81666666666666, 233.94707520891365)]
USC00348506, [(1991, 101.72602739726027, 218.5808219178082)]
USC00348677, [(1991, 101.15342465753425, 226.7945205479452)]
USC00349364, [(1991, 103.38630136986302, 226.66575342465754)]
USC00349445, [(1991, 95.26795580110497, 223.49447513812154)]
USC00349634, [(1991, 102.24109589041096, 232.73424657534247)]
USC00350036, [(1991, -14.271739130434783, 121.91304347826087)]
USC00350501, [(1991, 3.293150684931507, 163.2054794520548)]
USC00350897, [(1991, 76.64383561643835, 165.5972602739726)]
USC00352292, [(1991, 62.07397260273972, 160.4849315068493)]
USC00352406, [(1991, 58.77472527472528, 187.87362637362637)]
USC00352805, [(1991, 45.31506849315068, 173.5150684931507)]
USC00352997, [(1991, 57.12777777777778, 180.42191780821918)]
USC00354506, [(1991, 23.224657534246575, 172.07123287671232)]
USC00355160, [(1991, 32.64010989010989, 174.37087912087912)]
USC00355424, [(1991, 39.43131868131868, 186.1456043956044)]
USC00356213, [(1991, 39.57909604519774, 170.0819209039548)]
USC00357809, [(1991, 45.705705705705704, 147.9431137724551)]
USC00357857, [(1991, -3.8983516483516483, 164.76923076923077)]
USC00360140, [(1991, 51.652054794520545, 157.1068493150685)]
USC00360560, [(1991, 35.844, 176.39043824701196)]
USC00360656, [(1991, 54.1510989010989, 171.92602739726027)]
USC00360785, [(1991, 46.87005649717514, 164.81126760563382)]
USC00361004, [(1991, 24.805479452054794, 160.3890410958904)]
USC00361790, [(1991, 39.73150684931507, 156.5150684931507)]
USC00363437, [(1991, 40.964285714285715, 185.26098901098902)]
USC00363632, [(1991, 63.43561643835616, 178.11780821917807)]
USC00365408, [(1991, 42.4, 147.9731343283582)]
USC00365651, [(1991, 49.083333333333336, 169.81058495821728)]
USC00365915, [(1991, 35.895890410958906, 146.05205479452056)]
USC00368873, [(1991, 46.72222222222222, 188.59409594095942)]
USC00368888, [(1991, 33.722527472527474, 160.58904109589042)]
USC00375215, [(1991, 59.22188449848024, 152.42331288343559)]
USC00381770, [(1991, 110.40821917808219, 226.22465753424657)]
USC00383111, [(1991, 109.65671641791045, 235.88955223880598)]
USC00390296, [(1991, 33.83516483516483, 170.41322314049586)]
USC00392231, [(1991, -35.172602739726024, 114.93424657534247)]
USC00392429, [(1991, 13.472527472527473, 152.38842975206612)]
USC00392984, [(1991, 13.409340659340659, 131.0521978021978)]
USC00393029, [(1991, 16.30958904109589, 157.6)]
USC00394007, [(1991, 18.72876712328767, 180.4054794520548)]
USC00394184, [(1991, 40.666666666666664, 178.1625344352617)]
USC00394556, [(1991, -0.16164383561643836, 143.26027397260273)]
USC00394766, [(1991, 37.75347222222222, 179.23263888888889)]
USC00395048, [(1991, 11.946629213483146, 142.6472222222222)]
USC00395285, [(1991, 17.736986301369864, 170.64657534246575)]
USC00395561, [(1991, 18.065753424657533, 145.3890410958904)]
USC00396947, [(1991, 15.65625, 155.62678062678063)]
USC00397052, [(1991, 8.906593406593407, 143.86263736263737)]
USC00397073, [(1991, 7.610644257703081, 151.22752808988764)]
USC00397277, [(1991, 0.9616438356164384, 130.0958904109589)]
USC00397742, [(1991, 25.2, 145.61194029850745)]
USC00403280, [(1991, 87.82739726027397, 211.0986301369863)]
USC00404876, [(1991, 81.64425770308124, 212.66666666666666)]
USC00405158, [(1991, 98.47671232876712, 215.7972602739726)]
USC00405332, [(1991, 97.69806094182826, 215.67313019390582)]
USC00405956, [(1991, 108.8, 219.81643835616438)]
USC00406271, [(1991, 91.07945205479452, 208.07397260273973)]
USC00406292, [(1991, 51.02777777777778, 191.55710306406687)]
USC00410144, [(1991, 167.5917808219178, 278.6767123287671)]
USC00410204, [(1991, 168.68277945619334, 262.4652567975831)]
USC00410225, [(1991, 145.34794520547945, 279.3123287671233)]
USC00410498, [(1991, 89.34615384615384, 248.5068493150685)]
USC00410639, [(1991, 152.45580110497238, 263.72375690607737)]
USC00410984, [(1991, 124.07671232876713, 238.75890410958905)]
USC00411500, [(1991, 119.66666666666667, 243.18732782369145)]
USC00411578, [(1991, 120.48493150684932, 243.37808219178083)]
USC00411650, [(1991, 41.9622641509434, 209.1556603773585)]
USC00411875, [(1991, 119.71349862258953, 245.6060606060606)]
USC00411956, [(1991, 144.9744318181818, 255.328611898017)]
USC00412082, [(1991, 117.42382271468144, 255.16897506925207)]
USC00412121, [(1991, 79.38356164383562, 227.52328767123288)]
USC00412352, [(1991, 122.3861111111111, 239.52777777777777)]
USC00412394, [(1991, 116.76164383561644, 229.4082191780822)]
USC00412598, [(1991, 113.89315068493151, 240.97260273972603)]
USC00412679, [(1991, 159.98813056379822, 290.53709198813056)]
USC00413060, [(1991, 173.38186813186815, 301.1730769230769)]
USC00413183, [(1991, 155.3545706371191, 256.9279778393352)]
USC00413201, [(1991, 146.60550458715596, 283.02866242038215)]
USC00413411, [(1991, 99.42608695652174, 244.90144927536232)]
USC00413507, [(1991, 128.30277777777778, 252.46944444444443)]
USC00413873, [(1991, 153.7068493150685, 256.97534246575344)]
USC00414182, [(1991, 132.66849315068492, 248.95068493150686)]
USC00414278, [(1991, 103.1945205479452, 243.47671232876712)]
USC00414770, [(1991, 84.66022099447514, 221.93093922651934)]
USC00414974, [(1991, 107.5426997245179, 240.9917355371901)]
USC00415094, [(1991, 124.95604395604396, 241.84401114206128)]
USC00415196, [(1991, 152.0, 258.2027397260274)]
USC00415661, [(1991, 163.31506849315068, 274.86301369863014)]
USC00415721, [(1991, 175.92045454545453, 293.5779036827195)]
USC00415742, [(1991, 114.27844311377245, 261.64285714285717)]
USC00415757, [(1991, 121.3013698630137, 237.91232876712328)]
USC00416276, [(1991, 137.95890410958904, 261.1123287671233)]
USC00416879, [(1991, 128.7945205479452, 281.97534246575344)]
USC00417044, [(1991, 102.65714285714286, 218.91904761904763)]
USC00417206, [(1991, 86.64067796610169, 229.51186440677967)]
USC00417458, [(1991, 175.69146005509643, 295.26170798898073)]
USC00417782, [(1991, 110.70529801324503, 261.3841059602649)]
USC00417992, [(1991, 124.89315068493151, 252.73972602739727)]
USC00418022, [(1991, 111.35068493150685, 252.63287671232877)]
USC00418043, [(1991, 124.85227272727273, 244.57954545454547)]
USC00418274, [(1991, 120.79178082191781, 234.0082191780822)]
USC00418415, [(1991, 135.62146892655366, 269.1638418079096)]
USC00418523, [(1991, 75.11232876712329, 230.6958904109589)]
USC00418646, [(1991, 105.36263736263736, 251.5164835164835)]
USC00419522, [(1991, 130.73972602739727, 243.66301369863012)]
USC00420074, [(1991, -16.26027397260274, 138.06301369863013)]
USC00420716, [(1991, -31.2865329512894, 164.02292263610315)]
USC00421214, [(1991, -17.482191780821918, 169.2876712328767)]
USC00421241, [(1991, -31.81967213114754, 46.131147540983605)]
USC00422696, [(1991, -8.210227272727273, 163.48579545454547)]
USC00422798, [(1991, 13.832876712328767, 165.2219178082192)]
USC00422864, [(1991, -20.416438356164385, 139.67397260273972)]
USC00423809, [(1991, -12.217032967032967, 162.8021978021978)]
USC00424748, [(1991, 7.688571428571429, 169.74861878453038)]
USC00424856, [(1991, -13.82967032967033, 126.57967032967034)]
USC00425138, [(1991, -0.012012012012012012, 171.22822822822823)]
USC00425186, [(1991, 28.035616438356165, 142.6054794520548)]
USC00425252, [(1991, 65.70621468926554, 253.32485875706215)]
USC00425477, [(1991, -5.005479452054795, 172.57534246575344)]
USC00426455, [(1991, 36.31137724550898, 184.7177177177177)]
USC00426686, [(1991, 6.019178082191781, 175.66575342465754)]
USC00426869, [(1991, -13.820441988950277, 136.42307692307693)]
USC00427271, [(1991, 5.5698630136986305, 153.39178082191782)]
USC00427724, [(1991, -161.38888888888889, 8.544444444444444)]
USC00428771, [(1991, 23.041095890410958, 168.56986301369864)]
USC00430499, [(1991, 30.03287671232877, 152.06849315068493)]
USC00431360, [(1991, -17.44931506849315, 130.68493150684932)]
USC00434120, [(1991, -20.343490304709142, 113.70637119113573)]
USC00437612, [(1991, 3.791780821917808, 120.34794520547945)]
USC00438815, [(1991, 10.468493150684932, 128.48219178082192)]
USC00440243, [(1991, 89.66969696969697, 216.58641975308643)]
USC00440792, [(1991, 43.679452054794524, 178.83835616438355)]
USC00441209, [(1991, 39.00821917808219, 163.72602739726028)]
USC00441614, [(1991, 53.54794520547945, 217.2)]
USC00442208, [(1991, 72.77534246575343, 200.48767123287672)]
USC00442790, [(1991, 75.13972602739726, 222.76164383561644)]
USC00444044, [(1991, 93.1041095890411, 221.52602739726026)]
USC00450587, [(1991, 69.94117647058823, 145.72222222222223)]
USC00450668, [(1991, 28.736986301369864, 151.53424657534248)]
USC00451400, [(1991, 52.380239520958085, 181.67065868263472)]
USC00451484, [(1991, 57.19881305637982, 157.0474777448071)]
USC00451586, [(1991, 35.25978647686833, 169.79642857142858)]
USC00451760, [(1991, 62.05604719764012, 164.63736263736263)]
USC00453515, [(1991, 15.58904109589041, 149.4958904109589)]
USC00454679, [(1991, 33.42699724517907, 167.1487603305785)]
USC00455678, [(1991, 59.33698630136986, 145.52602739726026)]
USC00456011, [(1991, 56.14835164835165, 156.7335164835165)]
USC00456215, [(1991, 45.16477272727273, 170.35897435897436)]
USC00456803, [(1991, 57.92757660167131, 166.1699164345404)]
USC00456974, [(1991, -0.7534246575342466, 133.01643835616437)]
USC00458207, [(1991, 53.74570446735395, 194.1237113402062)]
USC00461324, [(1991, 50.40718562874252, 178.38023952095807)]
USC00461330, [(1991, 85.06424581005587, 192.97206703910615)]
USC00461393, [(1991, 26.80821917808219, 162.1972602739726)]
USC00461723, [(1991, 44.63835616438356, 202.8986301369863)]
USC00465626, [(1991, 35.08587257617729, 195.39335180055403)]
USC00470045, [(1991, 29.043835616438358, 147.3068493150685)]
USC00470696, [(1991, 40.553424657534244, 149.18356164383562)]
USC00471044, [(1991, 2.649315068493151, 121.88219178082191)]
USC00471416, [(1991, 17.39779005524862, 137.45580110497238)]
USC00471923, [(1991, 12.37087912087912, 121.87362637362638)]
USC00472001, [(1991, 28.117808219178084, 141.7972602739726)]
USC00473186, [(1991, -30.75068493150685, 112.43835616438356)]
USC00474482, [(1991, 35.88219178082192, 150.94246575342467)]
USC00475178, [(1991, 16.791780821917808, 133.66391184573004)]
USC00475286, [(1991, -0.8528528528528528, 110.88288288288288)]
USC00476330, [(1991, 30.317808219178083, 126.98082191780821)]
USC00476678, [(1991, 25.545731707317074, 134.11212121212122)]
USC00477113, [(1991, -2.337912087912088, 114.54945054945055)]
USC00478229, [(1991, 4.079452054794521, 145.14246575342466)]
USC00478589, [(1991, 30.726027397260275, 134.0027397260274)]
USC00478919, [(1991, 32.53150684931507, 142.413698630137)]
USC00481730, [(1991, 6.567123287671233, 154.88186813186815)]
USC00482054, [(1991, -63.3399433427762, 93.26345609065156)]
USC00484910, [(1991, -45.294765840220386, 125.46685082872928)]
USC00484925, [(1991, -20.041095890410958, 134.7945205479452)]
USC00485105, [(1991, -50.794520547945204, 111.23013698630137)]
USC00487376, [(1991, -9.213698630136987, 144.76164383561644)]
USC00487760, [(1991, -23.945205479452056, 152.23835616438356)]
USC00488192, [(1991, -34.22873900293255, 115.26023391812865)]
USC00488705, [(1991, 9.446575342465753, 142.81095890410958)]
USC00500243, [(1991, -7.575342465753424, 67.34520547945205)]
USC00500657, [(1991, 40.718100890207715, 108.75370919881306)]
USC00501926, [(1991, -32.4969512195122, 46.44951140065147)]
USC00502019, [(1991, -90.32054794520548, 35.54520547945206)]
USC00502112, [(1991, -62.56712328767123, 40.45753424657534)]
USC00502607, [(1991, -105.44166666666666, 27.977777777777778)]
USC00503504, [(1991, -16.624657534246577, 70.65753424657534)]
USC00503573, [(1991, -44.271232876712325, 63.46849315068493)]
USC00503720, [(1991, -17.534246575342465, 69.86301369863014)]
USC00505397, [(1991, -112.86826347305389, 18.9251497005988)]
USC00505604, [(1991, 1.1637426900584795, 77.07514450867052)]
USC00505733, [(1991, -23.057534246575344, 72.37534246575342)]
USC00505883, [(1991, -28.04776119402985, 57.61607142857143)]
USC00507557, [(1991, 51.044368600682596, 113.7439446366782)]
USC00509759, [(1991, -23.634615384615383, 78.49725274725274)]
USC00512558, [(1991, 202.80392156862746, 242.47058823529412)]
USC00515177, [(1991, 204.2471264367816, 292.4971264367816)]
USC00516128, [(1991, 196.40804597701148, 256.9406779661017)]
USR0000AALC, [(1991, -43.94984326018809, 62.88087774294671)]
USR0000AEMP, [(1991, 63.54246575342466, 234.41643835616438)]
USR0000AGLO, [(1991, 83.76438356164384, 245.46027397260275)]
USR0000AHAY, [(1991, -80.11572700296736, 16.237388724035608)]
USR0000AHON, [(1991, 71.26881720430107, 144.20430107526883)]
USR0000AJAT, [(1991, -0.73046875, 305.26953125)]
USR0000ASEV, [(1991, -88.04931506849314, 108.84109589041095)]
USR0000BADG, [(1991, 149.67015706806282, 255.282722513089)]
USR0000BARN, [(1991, 70.42408376963351, 208.7696335078534)]
USR0000BC83, [(1991, -29.22252747252747, 57.41483516483517)]
USR0000BUCF, [(1991, 9.167123287671233, 139.65479452054794)]
USR0000CBOR, [(1991, 107.09, 217.93)]
USR0000CBRO, [(1991, 95.6534090909091, 237.42329545454547)]
USR0000CBUL, [(1991, -49.11538461538461, 105.48717948717949)]
USR0000CCHC, [(1991, 88.21408450704226, 227.69577464788733)]
USR0000CCOT, [(1991, 52.24311926605505, 222.05963302752295)]
USR0000CCRZ, [(1991, 38.47945205479452, 175.95890410958904)]
USR0000CDGR, [(1991, 13.6, 138.14285714285714)]
USR0000CFRE, [(1991, 156.24806201550388, 226.1782945736434)]
USR0000CHMT, [(1991, 29.86697247706422, 192.21559633027522)]
USR0000CHOL, [(1991, -48.64102564102564, 91.1923076923077)]
USR0000CJUA, [(1991, 36.9041095890411, 159.07123287671232)]
USR0000CLAD, [(1991, 11.038356164383561, 156.15068493150685)]
USR0000CMCG, [(1991, -3.029940119760479, 164.22155688622755)]
USR0000CSHQ, [(1991, 87.89349112426035, 180.89940828402368)]
USR0000CSIM, [(1991, 96.9132075471698, 325.8037735849057)]
USR0000CSLA, [(1991, 54.149171270718234, 163.89226519337018)]
USR0000CTEM, [(1991, 93.376, 252.82)]
USR0000CWES, [(1991, 42.13609467455621, 131.1508875739645)]
USR0000FOCH, [(1991, 187.0849315068493, 332.9808219178082)]
USR0000IGRA, [(1991, 16.756164383561643, 127.38630136986302)]
USR0000IHPK, [(1991, -26.82191780821918, 78.32328767123288)]
USR0000IKRI, [(1991, 14.24793388429752, 124.34435261707989)]
USR0000ISAL, [(1991, 20.484931506849314, 125.33972602739726)]
USR0000ITRI, [(1991, -14.663013698630136, 139.986301369863)]
USR0000MAXO, [(1991, -78.23529411764706, -3.6176470588235294)]
USR0000MBCB, [(1991, 72.15432098765432, 217.51234567901236)]
USR0000MBRE, [(1991, -16.421917808219177, 105.66575342465754)]
USR0000MFLA, [(1991, 18.334246575342465, 136.25205479452055)]
USR0000MGOR, [(1991, -35.175342465753424, 101.3972602739726)]
USR0000MHOT, [(1991, 46.673170731707316, 217.78048780487805)]
USR0000MKEL, [(1991, -72.80882352941177, 4.294117647058823)]
USR0000MKIN, [(1991, 32.394520547945206, 161.12876712328767)]
USR0000MSTM, [(1991, -4.457534246575342, 107.58082191780822)]
USR0000NBAI, [(1991, 16.893150684931506, 169.5917808219178)]
USR0000NBAR, [(1991, -33.91025641025641, 65.1025641025641)]
USR0000NCAT, [(1991, 9.591780821917808, 143.56164383561645)]
USR0000NCED, [(1991, 10.652054794520549, 149.42191780821918)]
USR0000NCOI, [(1991, -1.8465753424657534, 144.63835616438357)]
USR0000NCYW, [(1991, 18.301369863013697, 184.31506849315068)]
USR0000NFOX, [(1991, 17.01095890410959, 123.05753424657534)]
USR0000NREP, [(1991, 1.978082191780822, 167.95342465753424)]
USR0000NROC, [(1991, -24.768571428571427, 149.37714285714284)]
USR0000OBLR, [(1991, 34.721448467966574, 99.23119777158774)]
USR0000OBRU, [(1991, 89.21472392638037, 218.31288343558282)]
USR0000OBUR, [(1991, 61.800554016620495, 159.2409972299169)]
USR0000OCAS, [(1991, 41.80733944954128, 247.08715596330276)]
USR0000OCHI, [(1991, 11.802739726027397, 173.2958904109589)]
USR0000OCIN, [(1991, -5.329376854599406, 164.1186943620178)]
USR0000OGRM, [(1991, 32.8, 155.45479452054795)]
USR0000OHOR, [(1991, 45.35410764872521, 182.78753541076486)]
USR0000OONI, [(1991, 42.787965616045845, 131.43839541547277)]
USR0000OPEB, [(1991, 53.233333333333334, 170.29166666666666)]
USR0000OSUG, [(1991, 50.8054794520548, 154.96438356164384)]
USR0000OWAN, [(1991, 29.74175824175824, 137.8379120879121)]
USR0000SAND, [(1991, 2.347945205479452, 165.013698630137)]
USR0000SKUN, [(1991, 31.462809917355372, 169.01652892561984)]
USR0000WCED, [(1991, 16.153424657534245, 130.74794520547945)]
USR0000WGOH, [(1991, 83.89830508474576, 185.25423728813558)]
USS0005J40S, [(1991, -109.06301369863014, 126.81095890410958)]
USS0005K09S, [(1991, -62.0940170940171, 58.82905982905983)]
USS0006H23S, [(1991, -66.66575342465754, 56.07671232876712)]
USS0006J06S, [(1991, -72.76438356164384, 100.38356164383562)]
USS0006J12S, [(1991, -61.558904109589044, 78.67945205479452)]
USS0006K08S, [(1991, -76.36538461538461, 53.2032967032967)]
USS0006K14S, [(1991, -77.32967032967034, 94.36263736263736)]
USS0006M03S, [(1991, -77.09065934065934, 85.41483516483517)]
USS0007J05S, [(1991, -56.74175824175824, 101.88461538461539)]
USS0007K13S, [(1991, -71.55890410958904, 86.9972602739726)]
USS0008G07S, [(1991, -75.46301369863014, 100.13150684931507)]
USS0009F04S, [(1991, -64.73424657534247, 85.13972602739726)]
USS0009F25S, [(1991, -54.88767123287671, 73.13150684931507)]
USS0009S18S, [(1991, -14.594520547945205, 182.84109589041097)]
USS0010C03S, [(1991, -11.07945205479452, 102.2986301369863)]
USS0010E07S, [(1991, -73.29120879120879, 77.50824175824175)]
USS0010F09S, [(1991, -63.88154269972452, 45.06887052341598)]
USS0010F15S, [(1991, -75.23140495867769, 92.35261707988981)]
USS0010G02S, [(1991, -53.435158501440924, 74.53890489913545)]
USS0010G23S, [(1991, -32.41160220994475, 85.0828729281768)]
USS0010J20S, [(1991, -62.287709497206706, 71.83798882681565)]
USS0010J35S, [(1991, -68.21703296703296, 90.3543956043956)]
USS0010K01S, [(1991, -27.736986301369864, 106.88493150684931)]
USS0011C02S, [(1991, -13.09041095890411, 87.72602739726027)]
USS0011D19S, [(1991, -81.90217391304348, 0.7065217391304348)]
USS0011G01S, [(1991, -24.941504178272982, 107.76044568245125)]
USS0011H30S, [(1991, 50.01373626373626, 195.3217391304348)]
USS0011K09S, [(1991, -44.41095890410959, 63.846575342465755)]
USS0011K15S, [(1991, -27.446575342465753, 113.31780821917808)]
USS0011K21S, [(1991, -22.493112947658403, 92.53719008264463)]
USS0012B14S, [(1991, -23.08219178082192, 79.08493150684932)]
USS0012J06S, [(1991, -13.43013698630137, 138.96428571428572)]
USS0012M03S, [(1991, -12.736986301369862, 95.02191780821917)]
USS0013A26S, [(1991, -25.783561643835615, 80.18082191780822)]
USS0013B07S, [(1991, -45.55068493150685, 77.78630136986301)]
USS0013M02S, [(1991, -4.863013698630137, 123.7013698630137)]
USS0014F11S, [(1991, -7.837912087912088, 121.66208791208791)]
USS0015A03S, [(1991, -41.602739726027394, 46.23013698630137)]
USS0015E02S, [(1991, -28.99175824175824, 80.59615384615384)]
USS0015F04S, [(1991, -18.886111111111113, 75.54444444444445)]
USS0015H14S, [(1991, -23.18005540166205, 77.56786703601108)]
USS0016D08S, [(1991, -3.715877437325905, 119.38161559888579)]
USS0017A01S, [(1991, -43.069060773480665, 77.48066298342542)]
USS0017C05S, [(1991, 8.776859504132231, 93.00826446280992)]
USS0017D07S, [(1991, 4.013698630136986, 102.00821917808219)]
USS0018D06S, [(1991, 4.417582417582418, 144.78729281767957)]
USS0018E08S, [(1991, -8.463013698630137, 111.12054794520547)]
USS0018F01S, [(1991, -1.8520547945205479, 135.21369863013697)]
USS0019E07S, [(1991, 2.6, 132.51780821917808)]
USS0019L03S, [(1991, -37.21763085399449, 113.26170798898072)]
USS0019L24S, [(1991, -27.334246575342465, 97.87945205479453)]
USS0019L39S, [(1991, -3.478021978021978, 153.18406593406593)]
USS0020K27S, [(1991, -13.69041095890411, 130.07123287671232)]
USS0021C13S, [(1991, 5.7753424657534245, 99.4876712328767)]
USS0021C28S, [(1991, -2.9392265193370166, 77.78453038674033)]
USS0021F10S, [(1991, -12.791780821917808, 136.83835616438355)]
USS0022C12S, [(1991, 26.934246575342467, 105.91780821917808)]
USS0022F03S, [(1991, -0.9698630136986301, 113.08219178082192)]
USS0022F18S, [(1991, -11.276712328767124, 132.93972602739726)]
USS0045P03S, [(1991, -86.21917808219177, 43.70879120879121)]
USS0049L09S, [(1991, -47.526881720430104, -7.849462365591398)]
USW00003811, [(1991, 108.22739726027397, 221.3068493150685)]
USW00003847, [(1991, 81.92876712328767, 196.41095890410958)]
USW00003853, [(1991, 177.76438356164383, 259.6684931506849)]
USW00003889, [(1991, 92.4876712328767, 202.413698630137)]
USW00003928, [(1991, 85.0027397260274, 211.54794520547946)]
USW00003940, [(1991, 128.29041095890412, 251.07945205479453)]
USW00012844, [(1991, 206.5205479452055, 290.3013698630137)]
USW00012850, [(1991, 229.6821917808219, 283.5972602739726)]
USW00012859, [(1991, 227.24383561643836, 277.65205479452055)]
USW00012919, [(1991, 188.58904109589042, 286.24657534246575)]
USW00012925, [(1991, 168.87671232876713, 284.4164383561644)]
USW00013714, [(1991, 118.16758241758242, 237.47658402203857)]
USW00013729, [(1991, 40.32876712328767, 180.85479452054796)]
USW00013735, [(1991, 78.62191780821918, 193.35068493150686)]
USW00013741, [(1991, 87.53698630136986, 208.19452054794522)]
USW00013777, [(1991, 117.67123287671232, 207.36986301369862)]
USW00013870, [(1991, 151.48219178082192, 259.4356164383562)]
USW00013891, [(1991, 102.7041095890411, 214.46301369863014)]
USW00013966, [(1991, 112.17260273972603, 241.4027397260274)]
USW00013987, [(1991, 91.05753424657534, 208.94794520547944)]
USW00014605, [(1991, 33.49041095890411, 135.94520547945206)]
USW00014611, [(1991, 32.84931506849315, 138.6958904109589)]
USW00014734, [(1991, 89.57260273972602, 187.95890410958904)]
USW00014740, [(1991, 56.51780821917808, 172.44657534246576)]
USW00014755, [(1991, -55.58082191780822, 18.312328767123287)]
USW00014761, [(1991, 39.63911845730028, 142.9532967032967)]
USW00014821, [(1991, 74.6027397260274, 185.03561643835616)]
USW00014836, [(1991, 37.61095890410959, 151.15616438356165)]
USW00014842, [(1991, 60.413698630136984, 170.35890410958905)]
USW00014923, [(1991, 50.73972602739726, 168.93698630136987)]
USW00014944, [(1991, 27.454794520547946, 147.47397260273974)]
USW00014950, [(1991, 57.87123287671233, 166.1205479452055)]
USW00014971, [(1991, 71.57558139534883, 198.47093023255815)]
USW00014992, [(1991, 25.96986301369863, 133.80547945205478)]
USW00022501, [(1991, 198.04761904761904, 286.908077994429)]
USW00022516, [(1991, 196.96986301369864, 290.172602739726)]
USW00023041, [(1991, 107.2038567493113, 242.5110497237569)]
USW00023062, [(1991, 30.767123287671232, 182.34794520547945)]
USW00023158, [(1991, 161.3682634730539, 311.80838323353294)]
USW00023170, [(1991, 19.09315068493151, 201.56438356164384)]
USW00023179, [(1991, 155.27671232876713, 301.45753424657534)]
USW00023185, [(1991, 24.115068493150684, 196.2986301369863)]
USW00023239, [(1991, 107.33424657534246, 187.63561643835615)]
USW00023272, [(1991, 104.89315068493151, 189.45753424657534)]
USW00024013, [(1991, 30.8, 146.52131147540985)]
USW00024028, [(1991, 14.490410958904109, 181.16712328767125)]
USW00024121, [(1991, -15.942465753424658, 172.44109589041096)]
USW00024157, [(1991, 27.753424657534246, 144.4054794520548)]
USW00024217, [(1991, 63.3013698630137, 143.86575342465753)]
USW00025339, [(1991, 14.942465753424658, 81.53972602739726)]
USW00025507, [(1991, 2.76986301369863, 75.0986301369863)]
USW00026410, [(1991, 9.58682634730539, 86.56586826347305)]
USW00026425, [(1991, -73.96164383561644, 35.772602739726025)]
USW00026533, [(1991, -97.40547945205479, 10.632876712328768)]
USW00093115, [(1991, 131.7578125, 203.9609375)]
USW00093730, [(1991, 68.52602739726028, 193.4958904109589)]
USW00093739, [(1991, 98.8027397260274, 203.15068493150685)]
USW00093805, [(1991, 141.36986301369862, 269.6931506849315)]
USW00093832, [(1991, 156.55616438356165, 273.75616438356167)]
USW00093997, [(1991, 61.93972602739726, 204.43013698630136)]
USW00094012, [(1991, 0.5917808219178082, 140.7835616438356)]
USW00094702, [(1991, 79.64931506849315, 168.813698630137)]
USW00094846, [(1991, 52.3041095890411, 160.8739726027397)]
UY000001709, [(1991, 117.07961783439491, 248.39877300613497)]
UY000086315, [(1991, 141.67192429022083, 271.15384615384613)]
UZM00038023, [(1991, 53.979166666666664, 131.7846153846154)]
UZM00038545, [(1991, 75.76587301587301, 210.92397660818713)]
UZM00038551, [(1991, 76.60975609756098, 171.83529411764707)]
UZM00038611, [(1991, 99.19028340080972, 204.2972972972973)]
VE000080425, [(1991, 243.3232876712329, 333.2849315068493)]
VEM00080410, [(1991, 206.27179487179487, 300.28057553956836)]
VEM00080419, [(1991, 225.82027649769586, 327.76704545454544)]
