0
8193
16386
16387
16388
5
16389
8198
16390
16391
16392
8204
8205
16397
16399
15
17
8209
8211
19
8212
16404
8214
8215
23
16409
8217
16412
16413
16415
16417
8227
16419
36
16420
37
16421
39
16423
40
41
16425
42
16426
16427
8236
16432
16433
49
16434
16436
8246
16439
16440
8249
16441
16443
16444
16445
16446
16447
16450
8259
16451
8260
8261
16453
8262
8264
16456
8265
74
8266
16458
8269
16462
16463
80
81
82
16466
8275
84
16468
8277
16469
8279
16471
91
8283
8285
16477
16478
95
16479
16480
16482
99
16483
8292
8295
8296
8297
8298
8299
16493
113
8305
16497
8306
16498
16499
16500
8311
16503
16504
16506
123
16508
16509
16510
8319
16511
16515
16517
16518
16521
16522
16523
16524
16526
16530
16532
16538
16539
16540
16541
16544
16545
16546
8356
16548
16549
8358
16551
16553
170
8363
8364
8365
8366
16558
8367
16560
16561
16562
16563
8371
180
16565
16566
16567
184
16568
8377
8378
16570
8380
8381
16573
189
16577
16580
8390
8391
200
8393
203
16588
16589
16590
8398
16591
8400
16593
16594
210
16595
8404
16596
8405
8406
16599
8409
16601
8410
218
16604
16606
16607
224
16608
8417
16609
16610
16612
8422
8424
16616
8425
16617
8426
16619
16620
8429
16621
8430
16622
8431
16624
16625
16627
8435
16628
8438
246
16630
247
248
16632
249
16633
16635
16636
8445
16639
16640
8449
16641
8450
16643
16645
8454
16646
8455
16647
8456
16648
8457
8459
16651
8460
8461
16653
8462
16655
8464
16657
8466
275
16659
16660
16662
16663
16664
8473
16665
8474
16666
16667
284
16668
16669
8477
8478
16671
16673
290
8483
8484
16676
16678
8487
16679
16680
16681
16682
16683
16685
16687
16688
8496
16689
307
308
8500
309
310
16694
311
8503
16695
312
8504
16696
313
314
315
16700
8509
16701
16703
320
16704
8515
16708
16709
16710
8519
16711
328
16712
16713
16714
8525
16718
8527
16720
16721
338
16723
16724
16725
343
16727
344
8536
16728
16729
8538
16731
16734
16736
8545
16737
8546
16739
16740
16741
8549
8550
16742
16743
361
16746
16747
8556
16748
8557
365
8560
16752
16753
16755
16758
8567
16759
8569
8570
16762
378
383
16767
16768
16769
16770
16772
16773
8583
16775
8584
16776
393
16778
8587
16779
396
8588
8589
16782
400
16784
8593
16785
16786
8595
16787
16788
16789
16790
16792
16794
8604
16796
16797
16798
416
8608
16800
16802
8613
422
16806
16807
427
16811
16812
16816
16817
8626
16818
8627
16820
8629
16824
16826
16827
8637
8639
16831
16832
8643
16837
16838
16839
16840
16841
8650
16842
8651
8652
16844
16845
8654
16847
8656
16848
16849
16850
16852
16853
469
16854
16855
472
16856
16857
8666
8667
8668
16860
477
8671
16863
480
16865
8674
8676
16868
16870
16871
16872
16874
16875
8683
8684
16878
16881
16883
8692
16884
501
8693
502
16887
16888
16892
8701
8702
8704
16896
8705
16897
16899
8708
8709
8710
16902
8711
16903
16906
8715
16907
8716
8717
16910
16911
8720
16913
16914
8723
16915
16916
8724
16919
16921
16922
8731
16924
16925
16926
8735
16927
544
16929
16930
16937
8746
16938
16939
8750
16942
559
8751
8753
562
563
16947
564
565
566
16950
567
568
8760
569
16953
570
16954
571
16955
8764
16956
16957
16961
578
16962
579
16963
16964
16965
8775
8777
16969
16970
16972
8781
16973
590
8782
16974
8783
16975
8784
16976
16977
16978
16979
8788
16980
16981
16983
16984
16985
16986
16987
605
16989
8798
16990
16991
16992
16993
16995
8805
16997
16998
17001
620
17004
17006
8815
17008
17009
628
17012
8820
8822
17014
8825
8826
635
17019
636
8829
17021
17022
17023
17024
17028
17029
8838
17030
17031
17032
17033
17036
8845
17037
17038
17039
17040
17042
17044
8853
17045
8854
8855
8856
17048
8857
17050
17051
669
8862
17054
8863
17055
17056
17057
17060
17061
8870
17063
17064
17065
8873
17066
17067
8875
686
687
17071
17072
8881
17073
8883
8885
694
17078
8887
17083
8894
8895
17087
8896
17088
8897
17089
8900
709
17093
8903
17096
17097
8906
17098
8907
17099
718
17102
8911
720
721
722
17106
17109
17110
17111
17112
8924
732
736
17120
17122
8931
17123
17124
17128
17130
17132
8941
17135
17136
17137
17138
8949
17141
17142
17143
760
17144
8953
8954
17146
17147
17148
8957
17149
17150
8959
17152
17154
17157
8966
8967
17160
8969
17161
17162
779
17163
17164
8973
17166
8975
787
788
17172
17173
8982
790
17174
8985
17179
17180
797
17181
8990
17183
17185
8994
8995
17187
17188
17190
9000
809
17193
810
9002
17194
9003
17195
9004
17198
9006
17199
9007
9008
17200
9009
9010
9011
9012
17204
9013
17205
9014
17206
17207
9015
9016
9017
826
9018
17210
9019
17211
827
9020
17212
17213
17214
17215
832
9024
17216
833
17217
834
835
836
837
9029
17221
838
17222
839
9031
17223
840
17224
843
17227
9035
17231
17233
17234
851
17235
17236
9045
17237
17238
17239
856
9048
857
17241
17242
9051
9052
17245
17246
9055
17247
17248
17251
9060
17252
9063
17255
872
17256
17257
9066
876
17261
9070
878
9071
879
17263
9072
17264
17266
17267
17269
9078
17271
889
9081
17273
17274
891
17275
892
17276
17277
893
9085
894
9086
17278
17279
17280
17281
17282
899
9091
17283
17284
9093
17286
17287
904
9097
9098
17292
9102
17300
9109
17301
17302
17303
920
17304
921
9113
922
17307
17308
17309
9118
9120
17312
17315
932
17316
9128
9130
17322
9131
17324
9133
9134
9136
17328
945
946
17330
17331
17332
9142
17335
9144
17337
9146
17338
9147
17339
17340
17344
17345
17346
9155
17348
9158
968
17352
17354
9163
17355
9164
17357
17360
9170
17362
17363
17366
9175
986
17370
987
17371
988
17372
17373
9182
17375
992
9184
17376
9185
17377
994
17379
996
17380
17381
998
17385
17386
9195
17387
9196
1005
1006
1007
9199
17391
1008
17392
1009
1010
9202
1011
1012
1013
9205
1014
9207
1016
17400
9211
9212
17404
9213
17405
17406
9215
9219
17411
17412
9220
1029
17413
9222
17415
1033
1034
17418
17419
17420
1038
9231
17423
17425
9234
17426
9235
17427
17428
17432
1051
9243
17435
17436
17438
17439
17441
17445
17446
17447
17448
17449
17450
9259
17451
17452
9261
17453
9262
17455
17457
17458
1077
17461
17462
17466
9276
17468
17469
9279
17471
17472
1091
9283
17475
1092
17476
17477
1096
17482
17483
9292
17485
9295
17488
17489
17490
17491
9300
17493
17494
17495
9304
1115
1116
17500
9310
9312
17505
17506
17507
17508
9317
17510
9319
17513
9322
1132
9326
17518
1135
17520
17522
9331
1139
17524
17525
17526
9335
17528
17529
9337
9338
9339
17531
1148
1149
17534
17535
1152
17536
9346
9347
9348
17540
17541
9356
1165
17549
17550
17552
17553
17555
9364
17556
17558
17560
1178
17562
1179
9371
17564
17565
9375
17567
9377
1186
9378
9379
17571
9381
17574
1192
17576
17577
9386
17578
17579
17580
1197
17581
1199
17583
9392
17585
1202
17586
9396
17588
9398
9399
17591
1208
9400
17593
9402
17594
9404
1213
1215
17599
17601
1218
17603
17604
9413
17605
17607
9416
17608
17610
17612
1229
17615
17616
9425
17617
17620
17621
17622
1239
17623
9432
17624
9434
17626
17627
17628
9438
17630
17631
17633
9442
1251
17636
17637
9446
17638
1256
1257
1258
17642
9450
17643
1260
17644
17645
17646
17647
17648
17649
9458
9460
17653
1271
9463
1272
17656
1273
9465
17657
1274
17658
1275
17659
1276
9468
1277
17661
1278
9470
1279
1280
9472
1281
9473
17665
9474
17666
9476
17670
1287
17671
17672
17673
17675
17677
17679
17680
9489
17681
17686
17687
9496
17688
1307
1309
9502
9503
17695
9504
17696
17698
9507
1315
17702
9511
17704
17705
17706
17707
17709
17710
17711
1329
17713
9522
17714
1332
9524
17716
17717
9526
17719
17721
9530
17722
17723
9534
17726
9535
9536
17728
9537
9539
9541
9542
17734
9543
17735
9544
17736
9545
17738
9547
17739
17740
17741
17743
17744
17745
17746
17747
17748
1365
17749
17750
9559
17751
9560
17752
17753
17754
9564
17756
9565
17757
9567
17759
17760
17761
17762
17763
9572
17764
17766
9575
17767
9576
17768
17769
17770
17771
17773
17774
17775
1391
17776
9585
9586
9587
17779
17780
17782
9591
17784
17785
17786
9595
17788
9597
17789
17791
17792
9601
17794
17798
17799
9607
9609
9612
1422
1424
17808
9617
17809
1426
1427
17811
9620
1428
9621
17813
17815
17816
17817
17818
1436
17822
17823
9632
17824
17825
17826
9635
9639
17832
17833
17834
9643
17835
1453
17837
9646
9647
17839
17841
9651
17844
9653
1462
9654
17846
9655
17847
1464
1465
9657
17852
1471
17856
9665
1473
17859
17861
17862
9671
17863
1480
17864
9673
17865
1482
17867
17868
1485
17870
17872
17873
17874
17875
9684
17876
9685
17877
17878
17879
17880
9689
17881
9690
17882
17883
1500
9692
9693
17885
9694
17888
17889
17890
9700
17893
9702
17894
9703
1511
17895
17896
9705
17897
9706
17900
9710
1519
17903
17904
9714
17911
9720
1529
9721
17913
17914
17915
1533
17918
17919
9728
17921
1541
9734
17927
17928
17929
1546
17930
17931
9740
17932
17933
17934
9744
17936
9746
9748
17940
9751
9752
17945
9755
17947
17949
17950
17952
17953
1570
17955
17956
17957
17958
17959
9768
17960
17963
17964
9773
17965
9774
17966
17969
17970
9779
17971
17974
17975
17976
17977
1594
1595
9788
1598
9790
17982
1599
9792
17984
17985
17986
9795
17987
1604
17988
9798
9799
17991
9800
9801
17993
17994
17997
9805
17999
18000
1617
18001
18003
18006
1623
18007
9817
18009
9818
18010
18011
18012
9821
18013
1630
18014
1631
18015
1632
1633
18017
1634
18018
1635
9827
1636
1637
18021
1638
18022
1639
18023
1640
18026
18027
18029
18030
18031
9842
18034
9843
1653
1654
1655
18039
18040
18041
18042
1662
18046
18047
18048
18049
9859
18051
9861
18053
1671
18055
9864
18056
9865
18058
18060
1677
9869
18061
9870
18062
1679
9871
18063
1680
18064
18065
9875
9876
18069
18070
1687
18071
18072
18073
9882
18075
18077
18078
18079
1697
9889
18081
9890
1698
18082
9891
18083
9892
18084
9893
9894
18086
18089
18090
18092
18093
18094
18095
18096
9905
1714
9906
18098
18100
1717
18101
9913
9914
18106
9915
18109
18111
9920
18112
18113
18114
1730
18115
18116
18119
18120
18121
1738
18123
9932
18124
9933
18125
18126
9935
18127
9936
18128
18129
9937
18130
9940
9942
18134
18135
18136
9945
18138
18143
1761
18145
1762
9956
18148
18150
1767
18151
9961
18153
9962
18155
18156
1773
9965
18157
9966
18158
9967
9968
9969
18162
18164
9973
18165
18166
1783
18167
1784
18168
9978
1787
9979
18171
1788
18172
1789
9981
18173
9982
18174
9983
18175
18176
1793
9986
9987
18179
9988
9989
9990
18182
18183
9991
9992
9993
18185
9994
18186
18187
1804
9996
18188
18189
18191
10000
18197
1814
10008
18200
10010
18202
18203
10012
18204
1821
10013
18205
18206
10016
18208
18209
10018
1827
18212
18213
10022
1832
18216
18218
18221
10030
18222
18223
1840
18224
10034
18226
10035
18227
18228
10037
18230
10038
10040
18232
18233
1850
10043
1851
18235
1852
18237
1855
18239
10048
18240
10049
18241
1858
10050
18242
18244
1861
18245
10055
10056
18248
18249
18250
18251
1867
18252
10061
18253
18254
10063
18255
1872
18256
10065
18257
18258
18259
1876
10068
18260
18261
10070
18262
18263
18264
18265
10074
18266
10075
1884
18270
10078
10079
10080
18272
10081
18273
10082
18274
1891
10083
18275
18276
18278
10087
10090
10091
1899
18283
1900
18284
1901
18285
18286
18287
18289
18290
10100
18292
10101
18293
18297
10106
18298
18299
18300
18302
10114
18306
18307
10116
18308
18310
18311
10120
18312
1929
18313
18314
18315
18316
18317
18318
18319
18321
18322
18323
10133
10134
10135
10136
18328
1945
18330
18332
18335
18336
18337
10146
18338
1956
10148
18340
1957
10149
18341
1958
18342
1959
18343
1960
10152
18344
1961
10153
18345
1962
18346
1963
18347
1964
18348
18349
18350
10159
18351
1968
18352
10163
18355
1972
18356
10164
18357
1974
18358
18359
1977
18362
10171
18363
10173
18365
18367
18368
10177
18369
1987
18371
18372
18373
1990
18374
18375
10184
18376
10185
18377
18378
10189
10190
18382
10191
18385
18387
18388
10196
10197
18389
18391
18392
18393
18394
18395
2012
18396
10206
18398
2015
10208
18400
10209
18402
18403
18404
10213
18405
10214
18406
18407
2024
18408
18409
18410
18412
18413
2030
18414
2033
18417
10226
10228
18420
10229
18421
10230
18422
10231
2040
10232
10233
18425
2042
18426
10236
18429
2046
18430
2047
10239
2048
18433
2052
10244
18436
2054
18438
10247
2055
18440
18441
18442
10252
18445
10254
18446
18447
10256
18448
18449
10259
2067
10262
18456
10265
18457
10266
18458
18459
18460
18461
18462
10271
18466
18469
18470
18471
10281
18473
10282
18475
18477
18478
18479
2096
18480
18481
18482
2100
18484
10293
18485
18486
10295
18487
18488
10297
18489
10298
18490
10299
18491
18493
2110
18494
10303
18495
10304
18496
10305
18497
10306
10307
18499
10308
18501
18502
10311
18503
10312
18505
10314
18506
10316
18509
10318
18510
18511
18512
18514
2131
18515
10324
18516
10325
18517
2135
10327
18521
10330
10331
18525
18526
10335
18527
18528
10337
18529
18530
18531
18532
10342
18536
18539
2156
18540
10350
18544
2161
18546
18549
18551
18552
10361
18555
18556
10366
10367
18559
18560
18563
10373
18566
18569
18570
18572
10381
18573
10382
18576
10387
10388
18581
18582
18583
18584
18585
2202
18586
10396
18590
18591
18593
18595
10406
10407
18600
18601
18602
10411
18604
18605
10414
18606
10415
2224
18608
18609
18610
10420
18612
10421
10422
10423
18615
18616
10429
10430
2238
10434
10438
10440
10441
10446
2259
2260
10456
2264
10457
10459
10462
10464
10465
10466
2275
10470
10471
10472
2282
10477
10478
10480
10481
10485
2293
10486
2294
10487
10488
10491
2301
2302
2306
2307
10499
2308
2309
2310
2311
10503
2312
10504
2313
2315
10516
10519
10520
10521
2330
2331
10524
2332
10525
10531
10532
10535
10537
10540
10541
10542
10543
10546
10553
10555
10559
10563
10567
10569
10576
10580
10582
2390
10585
10586
2394
10588
10589
10593
10594
10596
10598
10602
10603
10604
2412
10606
10609
2422
10615
10616
2429
10622
2430
10624
10628
10629
10631
10633
10634
10637
10638
10639
10642
10643
2457
10651
10652
10653
10656
10660
10661
10662
10663
10664
2472
10667
10669
10671
2483
10676
10677
10687
10688
2499
10691
10692
10693
10694
10695
10697
10699
10700
10701
10702
10704
10713
10717
10721
10726
10727
2541
10736
10739
10751
10754
10758
10759
10760
10761
10762
2577
10773
10774
10775
10777
2587
10780
2590
2602
10795
2605
10798
10800
10801
10803
2615
2616
2617
10816
2624
10819
10820
10821
10822
10827
10829
10839
2651
2652
10845
10848
10853
2664
10860
10864
10866
10867
10872
10875
10876
2686
10879
10880
10881
10884
2694
10888
10890
10891
10893
10895
2704
10898
10900
2708
10901
10902
10903
10905
10906
10907
2715
10910
10911
10912
10916
10918
10920
10925
2734
2735
2736
2737
2738
2739
10931
2740
2741
10933
2742
2744
10943
10944
2753
10946
10948
10949
10950
10954
10957
10958
10962
2772
10965
2773
2774
2776
10970
10972
10974
10976
2791
10986
10988
10990
2803
10996
2804
10997
2806
10999
11000
11003
11004
11005
2813
11008
11009
2819
11013
2822
2824
11018
2826
2829
11023
11024
11026
11028
2840
11033
2842
11035
2844
11036
11038
11041
11047
2857
11053
2861
2862
11055
11058
11059
2868
11062
11065
11070
2878
11072
11073
11074
11079
11080
2889
11084
11085
11087
11088
11089
11090
11091
11092
11094
11097
11098
11099
11100
11101
11105
2913
11106
11110
11113
11114
11115
11116
11117
2926
11118
11120
2934
11135
11137
11142
11143
11144
2952
11148
11150
11152
11153
11154
2962
2966
11171
11175
11179
2989
11181
2991
11183
11184
11185
11190
11191
11192
3001
11195
11197
11199
11203
11208
11211
11212
3020
11213
3021
3022
11214
11215
3023
3024
11216
11220
11226
11227
3035
11228
3037
3038
3039
11231
11232
11234
11235
11238
11245
11252
11253
11256
11258
11259
11260
3070
11263
11266
11267
11269
11275
3083
11276
11279
3088
11281
11282
11283
11284
3093
11285
11286
11291
11292
11293
11295
11297
11299
11301
11303
11310
3119
11314
11318
11323
11325
11329
11331
3141
3144
11339
11341
11343
3152
11345
11357
3167
11364
11365
11369
11370
11371
11381
11384
11385
11388
11389
3198
11392
3201
11394
11396
11400
11401
3210
11403
11404
11405
11415
11416
11421
11422
3230
11424
3233
3234
11429
3239
11432
11436
11440
11442
3251
3252
11445
11446
11447
11452
11455
11456
3265
3268
3269
11465
11466
11467
11480
11489
11490
11494
11496
11498
11500
11509
11511
3322
11516
11517
11519
3327
3330
11522
3331
11525
3337
11530
3339
11536
11537
3346
3347
11540
11541
11542
11547
11549
11550
3358
3367
11561
11562
11565
11566
11568
11569
11570
11571
11573
3381
11574
11575
11578
3387
3388
11592
11593
11595
11597
11598
11599
11603
11605
11606
11610
11611
11613
11614
11617
11618
11620
3429
11622
11626
11628
11630
11631
3441
3442
11635
3444
11637
11638
11640
3449
11642
11645
11649
11651
3466
3469
3471
11664
3477
11673
3482
3483
11675
3484
11678
3489
3490
11684
11685
11687
11689
11690
3508
11700
11701
3510
11704
11705
11708
11709
11713
3521
3523
11715
11716
11717
3526
11721
11723
3534
11727
11732
3540
11735
11736
11737
3545
11738
11741
11742
11744
11745
11746
11747
11748
3556
11749
11750
3558
3559
11751
3560
11754
3565
11763
11764
11767
3576
11768
11769
11770
3578
3580
11774
11775
11776
11781
11783
11788
11791
3599
11793
11795
11796
11798
11799
11800
11802
11805
11806
11807
11808
3619
3620
11813
11817
3625
11818
11819
3628
11822
11823
11824
11825
3635
11828
11829
3638
3639
11837
11839
11840
11844
11846
11849
3658
11852
11853
3661
3663
3665
11861
11865
3674
11867
11869
11870
11871
11872
11876
11878
11881
3693
11888
11892
11896
11897
11898
11899
11901
3710
11902
11903
11908
11909
11913
11916
11919
11920
3728
11922
11924
11927
11932
3743
11935
11936
11937
3746
11939
11940
11941
11943
11944
11945
11949
11950
11951
11952
3760
11954
11956
3768
11963
11964
11966
3775
11968
3781
11976
11977
11979
11981
11983
11984
3795
3798
11990
11991
3799
11992
11993
11994
11995
11996
12001
12004
3812
12005
12006
12007
3816
12008
12010
3821
12017
12019
3827
12020
3828
12023
12024
12026
12027
12029
12032
3841
3842
12035
12040
12042
12048
3857
12052
12054
3864
3865
12058
3867
12062
3871
3874
12069
12070
12072
12083
12084
12086
3913
12106
12108
3918
12110
12111
12113
3922
12115
12117
12121
12123
12124
12125
3934
3938
12138
12140
12141
12143
12148
12149
12151
12152
12154
12156
12157
12158
12160
12161
12166
12167
12168
3977
3978
3979
3980
3981
3982
3983
3984
3985
12178
3988
3989
12182
12183
3992
3993
3994
12186
3995
12187
3996
3997
12190
3999
12191
12192
4001
12194
12197
4006
12198
4008
12201
4011
12204
12206
12207
12208
4017
12209
4018
12211
12212
4021
12213
12218
12220
4028
4031
12224
12226
12227
12228
12229
12231
12232
4040
12233
12236
12238
12239
4055
12250
12251
12252
4063
4065
12257
4066
12260
12263
4072
12266
12269
12271
4079
4080
12275
12276
4088
12281
12283
4091
4092
12287
4097
4099
12291
12292
12293
4102
12295
12296
4105
12300
4108
12301
4110
12302
4111
12305
12306
12307
12308
4117
4118
12312
4121
12315
12317
4127
12320
12322
4130
12325
12328
12329
4139
12332
4141
12335
12338
12339
12340
4148
12341
12342
12343
12344
4153
12345
12346
12347
12348
12349
12353
12354
4164
12358
4166
4168
12363
12364
12365
12366
12368
12370
12372
12374
12377
4186
12379
12380
4190
12383
12385
12386
12388
4197
12390
12391
12395
4204
4205
12397
12398
4206
12401
12402
12403
4212
4214
12407
4215
4216
4217
12409
4218
12410
12411
4220
12412
4221
4222
12414
12415
4224
12416
4225
12417
4226
12418
4227
12419
4228
4229
12421
4230
4231
4232
4233
4234
4235
4236
12429
4238
12430
4239
12431
4240
4241
12433
4242
4243
12435
4244
4245
4246
4247
12439
4248
4249
12441
4250
12442
4251
4252
4253
4254
4257
4260
4261
12453
12455
12456
12457
12458
4268
4269
12461
4270
12462
4271
4272
4273
4274
12467
4276
12473
12474
4282
12482
4290
12483
4295
4298
12491
4299
12492
4303
4304
4305
4306
4307
4308
4309
4310
4311
12503
4312
4317
12509
4318
4319
4320
4321
12513
4322
4323
4324
4325
12518
12520
4330
4331
4332
12524
4333
12525
4334
4335
4336
12528
4337
4338
12530
4339
4340
12534
4343
12535
4344
12536
4345
4346
4347
4348
4349
12541
4350
12542
4351
12543
4352
12544
4353
4354
12546
4355
4356
4357
4358
4359
12551
4360
4361
4362
12554
4363
12555
4364
4365
4366
12558
4367
4368
4369
4370
12562
4371
4372
4373
4374
12566
12568
12569
12571
4380
4382
4383
4384
12576
4385
4386
12578
4387
12579
4388
4389
4390
4391
12584
12585
4394
4395
4396
12588
12590
12592
12593
12594
4404
12596
4405
4406
12600
12601
4410
12604
4414
12606
4415
4416
4417
12609
12612
12616
12617
12618
12619
12620
12622
12623
12624
12627
12628
12631
12632
4441
4444
12636
4445
12637
4446
12638
4447
4448
12640
12643
12649
12657
12658
4468
4473
4474
12667
4475
4476
12668
4477
12669
4478
12670
4479
12671
4480
12672
4481
12673
4482
12674
4483
4484
12677
12678
12680
12681
12686
12687
4496
12690
12694
12695
4504
12696
12698
12699
12700
12705
4514
12706
4521
12714
12716
12717
4526
4527
12719
4528
4529
12721
4530
4531
4532
4533
4534
12730
4541
12736
12742
4554
4555
4556
4557
4558
4559
4560
12752
12755
12758
4571
4572
4573
4574
4575
4576
4577
4581
12773
12774
12781
12782
12786
4599
12791
4600
4601
4602
12794
4603
12795
4605
12798
12802
12803
12804
4612
12805
4617
12811
4622
4623
12815
4624
4625
4626
4627
4628
4629
12821
4630
12822
12823
12824
4633
12825
12826
4634
4635
4636
4641
12834
4643
12835
4644
4645
4648
12846
12850
12856
12857
12863
12866
12868
4679
12872
12874
4684
12876
12878
4687
12879
12881
12882
4692
4694
4695
12887
4697
12889
12890
12891
4699
4700
4701
12893
12896
4705
12897
12898
4707
12901
12902
12903
4712
12904
12908
4717
4722
4723
12915
12917
4727
4728
12920
4729
4731
4735
12929
12932
12933
4745
12944
12948
12949
12950
12951
4760
4761
4764
4765
12957
4768
12962
12963
12965
4774
12967
12968
12969
12974
12976
12979
12980
4792
4793
4794
4795
4797
12994
4805
12997
13001
13003
13004
4813
4815
4818
13011
4821
13017
4827
13019
13020
4836
13029
4842
13036
4844
13037
4846
13039
13040
4850
13044
13046
13048
13050
13051
13053
13054
13056
4865
13057
13058
13060
13061
4871
13063
13064
13065
13066
13071
13072
4886
13078
4887
13081
13082
13083
4891
13084
13087
4895
13088
13089
13090
13091
13092
13093
13096
4904
13097
4905
13099
13102
13103
4913
13105
13106
4918
13113
13115
13116
13117
13121
13129
13130
13134
4943
13136
13137
13138
13139
13140
13143
13144
13145
13148
13149
13150
13152
13153
13154
13156
13157
13158
13159
13160
13161
13162
13165
13167
4975
13168
13169
13170
13173
4982
13174
4983
13175
13176
4985
13178
13179
13184
13187
13189
13190
13193
5007
13202
13203
13204
13206
5015
13217
13218
13219
13220
13221
13222
13224
5032
13225
13226
13227
13228
13229
13230
13231
13234
13235
13237
5046
5048
13241
5051
5053
5054
13249
13253
13254
13255
13258
13262
13264
13266
5075
13268
13269
13273
13274
13275
13276
13279
13282
13283
13285
13290
13291
5100
5101
13293
13295
5104
13299
5108
13302
5110
13305
13306
13307
5116
13309
13310
13311
5121
5122
13314
13316
13319
13322
5132
5137
13329
13333
5142
13337
5146
13339
5148
5149
13343
13347
13353
13354
13355
5164
13356
13357
13360
5169
5176
13369
13370
13375
13376
13378
5188
13381
13383
13384
13386
13388
13394
5207
13399
13405
5213
13406
13408
13409
13411
5220
5221
5222
13420
13421
13423
13429
13431
13433
13434
13437
5247
13440
13444
13446
13447
13448
13449
13450
13451
13452
5261
13454
5263
13456
5265
13459
5268
13461
13462
5271
13463
13465
13466
5277
13469
13474
5282
13476
13478
13482
5290
13485
5293
13488
5297
13489
13492
5301
13493
13494
13495
13496
5305
13497
13498
13499
13500
13501
13502
5310
13503
13504
13505
13506
13507
13508
13509
13510
5319
13511
13512
13513
13514
13515
13516
13517
13518
5327
13519
5328
13520
5329
13521
13522
5331
13523
5332
13527
13529
5337
13530
5342
13535
13536
13538
13539
13542
13544
5355
13547
13550
13551
13555
13556
13557
5367
13559
13560
5370
13563
13564
13565
5376
13568
5378
5379
13571
13573
13575
5385
13577
13578
13579
5387
13581
5392
5393
13590
13591
13593
13594
5403
13595
5404
13599
13600
5409
13602
5411
5413
5415
5416
5417
13616
5430
13624
5433
13625
13626
13628
13630
13632
13633
13634
13635
5445
5446
13639
13640
13641
13642
5450
5451
13646
13648
13649
13650
13651
13653
13654
13655
13657
5467
5470
5472
13666
5475
13668
5476
5477
13669
13670
13671
5480
13672
13673
5482
13675
13676
13679
13681
5491
13684
5496
5497
5499
13691
13694
13695
13697
13698
5507
13699
13700
13702
13704
13705
13706
13707
5518
5519
13711
5520
13712
13713
5522
13714
5523
5524
13718
13719
13720
5528
13722
13725
13726
13727
5535
13728
13729
13730
13731
13732
13733
13736
13737
13738
13739
13740
13742
13744
5553
13745
13746
5556
13750
13752
13754
5566
13758
13760
5569
13762
13766
13767
5576
5577
5578
13770
5579
13771
13772
13773
5582
13774
13777
13778
13780
13781
13783
13784
13786
13787
5595
5596
13789
13794
5603
13797
13798
13799
13800
13801
13803
13804
5612
13805
13806
13807
13808
5617
13809
13810
5618
13811
5619
5620
13813
5622
13815
13816
5625
13817
13818
13819
5628
5629
13821
13825
13828
13829
13833
13835
13836
13838
13839
13840
5648
13841
5649
13842
13843
13844
13845
13846
13847
13848
5656
13849
13851
13853
5662
5664
13856
13859
5667
13860
13861
5672
5674
5676
13868
13869
5678
13870
5679
13873
5682
5683
13877
13878
5692
13884
13885
5694
13887
5696
13889
5698
13890
13892
5702
5704
5705
13897
13898
5707
13899
5713
13905
13906
13909
5718
5719
13912
13913
13916
13918
5728
13920
13922
13924
13926
5738
13931
13932
5741
13934
5743
5744
13938
13939
5747
5752
5756
13950
5760
5761
13954
5763
13955
5764
5773
13966
5775
13969
13970
5780
13972
5781
13973
13974
13978
13981
13983
13987
13989
13990
13992
13995
13999
14000
5808
5809
5810
14002
5812
14011
14012
14013
14014
14016
14017
5826
5827
5829
14021
5830
14025
14026
5835
14027
14028
14030
14032
5847
14039
5848
14040
14043
5852
14045
14051
14057
14058
14061
14062
14063
14064
14066
14068
14069
14074
14077
5896
14088
14090
5899
14092
5901
14094
14097
14098
5907
14101
14102
14103
5913
14106
14107
5918
5919
14111
5920
14112
14113
5922
14116
14117
14118
5927
14120
14121
5932
5933
14125
5936
14128
14129
14130
5939
5940
14132
14133
5942
14136
14138
14140
14141
5949
14143
14144
5953
14148
14152
14156
14157
5968
14160
5974
14167
14168
14169
14170
5978
14174
14175
5985
14177
5986
14178
14179
14180
14181
14182
5991
5992
14184
5994
14188
14189
14192
6001
14193
14194
14197
14198
14199
14200
14206
6014
14208
6019
14211
6023
14215
14216
14217
6026
14218
14219
14220
14221
14222
6031
14224
6033
14225
14226
14227
14229
6037
14230
6039
6040
6042
14234
6043
14235
14238
14239
14240
14241
14242
14243
14247
14248
14250
14251
14258
6066
6070
14262
6072
14271
14273
6083
14275
14276
14279
14280
14281
14282
14283
6094
14290
14291
14292
14295
14297
14302
14307
14308
6119
14312
14313
14314
14315
6125
6127
14321
14322
6131
6132
14329
14330
6139
14331
6142
14334
6143
14335
14338
14339
14340
14341
14343
14344
14345
14346
14347
14348
14349
6158
14350
14351
14352
14354
14356
6165
14359
14361
14362
14363
6174
14367
6176
6177
14371
6180
14372
14374
14376
6187
6188
14380
6189
14386
14387
14388
14391
14392
14393
6201
14394
14396
14397
14398
14400
14401
14405
14406
6214
6215
14407
14409
14412
14414
6223
6224
6225
14418
14420
14424
14426
6235
14428
14429
14434
6243
14435
14437
14438
14439
14440
6250
14442
14443
6253
14445
14447
6256
14448
14451
6260
6261
14453
14455
14456
6267
14460
14461
14462
14467
14468
14469
14470
14472
14473
14474
14475
14477
14478
14481
14482
14483
14484
14486
14490
6300
6301
6302
14496
6305
6307
14500
6308
14501
14502
6314
14508
6317
14509
6318
14511
14512
14513
14522
6332
6333
14527
14528
6341
14535
14538
6347
6348
6354
6360
6362
14556
6367
14559
14564
6373
14566
14567
6376
6379
14572
6382
14578
14588
14589
14591
14596
14599
6408
14600
14601
6411
6412
6413
14606
14610
14611
6420
6421
14615
14617
6426
6428
6429
6431
14623
14624
14625
14627
14632
6442
6443
6444
14636
14638
6448
14644
14645
6454
14646
14649
6458
6459
14653
14655
14657
14659
6468
14661
6470
6471
6472
14665
14668
14672
14673
6484
14676
14678
14680
6489
14681
14682
14685
14689
14690
14691
14696
14697
14698
14699
14701
6511
14703
14704
6514
6515
14707
14710
14712
14713
14715
14716
14721
14722
6530
14723
14724
14725
14726
14727
14731
14732
6540
6541
14734
6542
6543
6547
6548
14742
6554
6555
6561
14754
14757
14761
14762
14764
14765
14767
14770
14773
14776
14777
14778
6590
14783
14784
14785
14786
14787
14788
14790
14791
14793
14799
14802
14803
6613
14808
6616
14810
14812
6623
14824
14825
14826
14827
14831
6639
14832
14833
6641
6643
14838
14839
6648
6655
14847
14848
14849
14852
6662
14857
14860
6669
14862
14863
14864
14867
6677
14872
6681
14873
6682
6683
14875
14878
6688
14880
6691
6692
14884
14885
14886
6695
14887
14888
6697
14889
6699
6700
14892
14896
6706
14899
14900
6709
14902
14904
14905
14906
6714
14907
14908
14909
14910
14911
14913
14914
14917
14918
14920
14921
6732
14924
14926
14928
14929
14930
14932
14933
14937
14938
14939
14940
14941
14942
6751
14943
14944
14946
14947
14950
14953
14954
14956
14957
14958
6766
6770
14963
14964
14966
6777
14970
14972
6784
14976
14977
14980
14981
6792
14985
14986
6794
6795
14989
14990
14991
14994
6803
6804
14996
6805
6806
14998
14999
15000
15001
15002
15004
6814
15006
15008
15011
6821
15013
15015
15020
6829
15021
15022
6833
15027
6837
6839
15032
15036
15037
6847
15041
6850
15042
15044
15046
6855
6856
15050
15056
6864
15058
6868
15060
15062
15068
15069
6877
15070
6881
15075
15076
15077
6886
15079
6887
6889
15082
15086
15087
6896
6897
15089
6898
15090
15091
15092
15093
15094
6905
15099
6908
15100
6909
15102
15105
15106
15109
6917
6918
6921
6923
6924
6925
6926
15118
15119
15120
15121
15122
15123
15124
6935
15130
15131
15132
6941
15134
6942
6943
15136
15137
15140
15141
15143
15144
6952
6955
15149
6958
6959
6960
15152
15154
6963
15155
15156
6966
15159
15160
15161
15162
15165
15166
15167
15168
15173
15174
6986
6987
15180
15181
6990
15183
15184
15185
15187
15191
15193
7002
15195
15197
15199
15201
15202
15203
15204
15205
15206
15207
15208
15209
15210
15211
15215
15216
7025
15217
7027
15225
7035
7039
7040
15232
7042
15234
7043
7044
7046
15240
7057
15250
7059
15253
7063
15257
15262
15266
7078
7080
7081
7083
15278
7089
15283
15284
15285
15287
7096
15288
15290
15291
7103
15304
15305
15307
7117
7126
15320
15322
15323
15324
7132
7134
7135
7136
7137
15335
7144
15339
7148
15344
7152
15345
15347
7155
15349
7159
15356
7166
15359
7174
15367
15368
15371
7180
7181
15379
7191
7192
7194
7195
15387
15388
15389
7198
7202
7203
7204
7211
15403
7212
7213
7215
7219
7228
7235
7237
15438
7254
15447
7256
7259
7261
15454
7264
7265
15459
15461
7278
15475
15476
7285
15488
15489
7298
15490
15491
7300
15493
7302
15494
7303
7304
7306
7307
15502
7318
15512
15513
15514
15515
15516
7326
15520
15522
15525
7336
7339
15533
7344
7346
15539
15540
7349
15542
7353
7354
15548
15549
7358
7376
15570
7381
7382
7383
7388
15582
7392
7394
7396
15589
15590
7401
7402
15597
7405
7409
15601
15602
15604
15605
7414
15608
7416
7418
15610
15612
15613
7424
15623
15625
15633
7444
15636
15637
15638
7449
15641
7450
15642
15643
15644
15645
7454
7455
15649
15652
15653
15655
7464
7465
7466
7472
7474
15666
7475
7476
7477
15669
7478
7479
15671
7480
15673
15677
15678
7486
7488
15684
7496
7497
15689
7498
7500
15692
15695
15696
15697
15698
15699
15701
15702
15703
15704
15705
7516
15709
15712
15713
15714
15717
7527
15720
7529
15722
7530
7532
7533
15727
7536
15728
15730
15731
7539
15732
15733
15735
7545
7546
7548
15742
7551
15744
7553
15746
7554
15747
15748
15750
15752
15754
15757
15758
7567
15761
7570
15762
15763
7572
7573
7574
15767
7576
15768
7577
15771
15772
15774
7583
15775
7584
15776
7585
15777
15778
15779
15780
15782
7591
15783
7592
15784
15785
7596
15789
15790
7601
7603
7604
15796
15797
7605
7606
7607
15800
7609
15801
7610
7612
15804
15805
15807
7615
15808
15809
15810
7619
7620
15812
15813
7622
15814
15816
15817
15820
15821
7634
15828
15829
15830
7639
7640
15832
7641
15834
15835
15836
15837
15841
7649
15842
15843
15844
7653
7654
7655
15847
15849
15854
15856
15857
15860
7669
15861
15864
7672
15865
15866
15868
7677
15869
15870
7679
15871
7680
15875
7685
15878
15879
15880
7690
7692
15884
15885
7697
15890
7700
15895
7704
15897
15899
7708
7709
7711
15903
15905
15906
7716
7717
15909
7719
7720
7721
15913
7722
15914
15915
15918
15919
15922
7733
15926
15927
15930
15932
15935
7743
7745
15937
15939
7750
15943
15944
15945
7756
15949
15950
7760
15952
15953
15954
15957
15958
15959
15961
7770
15964
15965
7774
15966
15971
15973
15974
7782
7784
7785
15978
7787
15981
15985
7795
15987
15989
15991
7799
7800
15992
15993
15994
7803
15996
15997
7809
16001
7810
16002
16004
7813
16005
16006
7815
7817
16011
16012
16015
16016
16018
16020
16024
7832
7833
16026
16029
7838
16031
16032
16033
7841
16034
16035
16039
7848
16040
7849
16042
16045
16046
16047
16049
16050
7861
16054
16057
7865
7868
7869
16061
7870
7871
16063
7872
16066
16068
16071
7880
16074
7883
16075
16076
7885
7887
7890
16086
7895
16087
16088
16089
16090
16091
7900
16094
7904
7905
7906
16099
7907
7909
16102
7911
16103
16104
16105
16106
7915
16108
16109
7920
16114
16115
16116
7926
16118
16119
7930
16122
16123
16124
16125
7936
7938
16130
16132
16133
7942
16135
16136
16138
16139
16140
16142
16143
16144
16145
16146
7955
16147
7956
7957
7958
16150
7960
16154
16155
16157
7965
16159
7968
16161
7969
16162
7971
16163
7972
7973
16165
16166
16168
16169
7978
16170
16172
7984
16178
16179
16180
16181
16182
16186
7998
16191
16192
16193
16194
8003
16197
16198
16199
16200
16202
16203
16204
16205
8014
8015
8016
16210
16213
8022
16218
8026
16220
8029
16227
8038
16230
8039
8040
16232
8041
8042
16234
8043
16235
8044
8045
16237
8047
16239
8048
16241
8050
8051
16243
8052
8055
8056
8057
8060
8061
16253
16254
8063
16255
8064
16258
16259
16260
16263
16264
8073
16266
8075
8078
16271
16272
16273
16275
8086
8087
16279
8088
16280
8089
16281
16282
16286
16287
16288
16289
16290
8102
16294
8103
16296
8106
16302
8113
16305
8114
16307
16308
16311
16312
16316
16318
8128
16320
16321
16323
16324
8133
16325
8135
16329
16330
8140
16332
8141
16334
8143
16337
16339
8148
16341
8150
16342
16344
8153
16346
8154
16347
8157
8160
16354
16355
16356
16357
16361
8171
16365
16366
8175
16367
8176
16371
16372
16374
16375
16379
8188
16381
16382
16383
